-0.98
0
0.98
1.96
-1.96
-0.98
0
0.98
1.96
2.94
-1.96
-0.98
0
0.98
1.96
2.94
3.92
-1.96
-0.98
0
0.98
1.96
2.94
3.92
-0.98
0
0.98
1.96
2.94
-0.98
0
0.98
1.96
2.94
0
0.98
-1.96
-0.98
0
0.98
1.96
2.94
3.92
-2.94
-1.96
2.94
3.92
-2.94
3.92
4.9
-2.94
4.9
-2.94
4.9
-2.94
-1.96
3.92
4.9
-2.94
-1.96
3.92
4.9
-1.96
-0.98
0
0.98
1.96
2.94
3.92
-0.98
0
0.98
1.96
2.94
0
0.98
-1.96
-0.98
1.96
2.94
3.92
-2.94
4.9
-3.92
4.9
5.88
-3.92
5.88
-3.92
5.88
-3.92
5.88
-3.92
5.88
-3.92
5.88
-2.94
4.9
-2.94
-1.96
3.92
-0.98
0
0.98
1.96
2.94
-1.96
-0.98
0
0.98
1.96
2.94
3.92
-3.92
-2.94
4.9
-3.92
5.88
-4.9
6.86
-4.9
6.86
-4.9
6.86
-4.9
6.86
-4.9
6.86
-4.9
6.86
-3.92
5.88
-3.92
4.9
5.88
-2.94
-1.96
3.92
4.9
-1.96
-0.98
0
0.98
1.96
2.94
11.76
12.74
13.72
12.74
13.72
-0.98
0
0.98
1.96
2.94
-2.94
-1.96
3.92
4.9
5.88
-4.9
-3.92
5.88
6.86
-4.9
6.86
-5.88
7.84
-5.88
7.84
-5.88
7.84
-5.88
7.84
-5.88
6.86
-5.88
6.86
-4.9
6.86
-4.9
5.88
-3.92
5.88
-2.94
-1.96
3.92
4.9
-0.98
0
0.98
1.96
2.94
9.8
10.78
11.76
12.74
13.72
14.7
8.82
9.8
10.78
11.76
12.74
13.72
14.7
15.68
8.82
9.8
10.78
11.76
12.74
13.72
14.7
15.68
16.66
8.82
9.8
10.78
11.76
12.74
13.72
14.7
15.68
16.66
8.82
9.8
10.78
14.7
15.68
16.66
8.82
9.8
10.78
11.76
14.7
15.68
16.66
8.82
9.8
10.78
11.76
12.74
13.72
14.7
15.68
16.66
8.82
9.8
10.78
11.76
12.74
13.72
14.7
15.68
16.66
8.82
9.8
10.78
11.76
12.74
13.72
14.7
15.68
16.66
-2.94
-1.96
-0.98
0
0.98
1.96
2.94
3.92
4.9
5.88
6.86
7.84
8.82
9.8
10.78
11.76
12.74
13.72
14.7
15.68
-3.92
6.86
7.84
8.82
12.74
13.72
14.7
-4.9
7.84
8.82
-5.88
7.84
8.82
-5.88
8.82
-5.88
8.82
-6.86
7.84
-5.88
7.84
-5.88
7.84
-5.88
7.84
-5.88
6.86
-4.9
6.86
-4.9
5.88
-3.92
5.88
-2.94
-1.96
3.92
4.9
-0.98
0
0.98
1.96
2.94
11.76
8.82
9.8
10.78
11.76
12.74
13.72
14.7
15.68
7.84
8.82
9.8
10.78
11.76
12.74
13.72
14.7
15.68
16.66
6.86
7.84
8.82
15.68
16.66
17.64
6.86
7.84
16.66
17.64
18.62
6.86
7.84
17.64
18.62
6.86
7.84
17.64
18.62
19.6
6.86
7.84
17.64
18.62
19.6
6.86
7.84
17.64
18.62
19.6
6.86
7.84
17.64
18.62
19.6
5.88
6.86
7.84
17.64
18.62
19.6
0
0.98
1.96
2.94
3.92
4.9
5.88
6.86
7.84
17.64
18.62
-3.92
-2.94
-1.96
-0.98
16.66
17.64
18.62
-4.9
9.8
10.78
11.76
15.68
16.66
17.64
-5.88
9.8
10.78
11.76
12.74
13.72
14.7
15.68
16.66
17.64
-6.86
9.8
10.78
11.76
12.74
13.72
14.7
15.68
-6.86
9.8
-6.86
9.8
-6.86
8.82
-6.86
8.82
-6.86
8.82
-6.86
7.84
-5.88
7.84
-5.88
7.84
-5.88
6.86
-4.9
5.88
-3.92
4.9
5.88
-2.94
-1.96
-0.98
2.94
3.92
0
0.98
1.96
8.82
9.8
10.78
11.76
12.74
13.72
14.7
15.68
7.84
8.82
9.8
10.78
12.74
13.72
14.7
15.68
16.66
17.64
6.86
7.84
16.66
17.64
18.62
19.6
5.88
6.86
17.64
18.62
19.6
20.58
-12.74
-11.76
-10.78
-9.8
5.88
18.62
19.6
20.58
21.56
-13.72
-12.74
-11.76
-10.78
-9.8
-8.82
5.88
19.6
20.58
21.56
-14.7
-13.72
-12.74
-11.76
-10.78
-9.8
-8.82
5.88
19.6
20.58
21.56
22.54
-15.68
-14.7
-13.72
-12.74
-11.76
-10.78
-9.8
-8.82
5.88
20.58
21.56
22.54
-15.68
-14.7
-13.72
-12.74
-11.76
-10.78
-9.8
-8.82
5.88
20.58
21.56
22.54
-15.68
-14.7
-13.72
-12.74
-11.76
-10.78
-9.8
-8.82
4.9
5.88
20.58
21.56
-16.66
-15.68
-14.7
-13.72
-12.74
-11.76
-10.78
-9.8
4.9
5.88
20.58
21.56
-16.66
-15.68
-14.7
-13.72
-12.74
-11.76
-10.78
-9.8
3.92
4.9
20.58
21.56
-16.66
-15.68
-14.7
-13.72
-12.74
-11.76
-10.78
-1.96
-0.98
0
0.98
1.96
2.94
19.6
20.58
-15.68
-14.7
-13.72
-12.74
-11.76
-5.88
-4.9
-3.92
-2.94
19.6
20.58
-14.7
-13.72
-6.86
-5.88
18.62
19.6
-6.86
18.62
19.6
-7.84
16.66
17.64
18.62
-7.84
10.78
11.76
12.74
13.72
14.7
15.68
16.66
17.64
-7.84
10.78
11.76
-7.84
9.8
-7.84
9.8
-6.86
8.82
-6.86
8.82
-6.86
7.84
-6.86
7.84
-5.88
7.84
-5.88
6.86
-4.9
5.88
-3.92
-2.94
4.9
-1.96
-0.98
0
0.98
1.96
2.94
3.92
-27.44
-26.46
-25.48
-29.4
-28.42
-27.44
-26.46
-25.48
-24.5
-29.4
-28.42
-27.44
-26.46
-25.48
-24.5
-23.52
-30.38
-29.4
-28.42
-27.44
-26.46
-25.48
-24.5
-23.52
-30.38
-29.4
-28.42
-27.44
-26.46
-25.48
-24.5
-23.52
-30.38
-29.4
-28.42
-27.44
-26.46
-25.48
-24.5
-23.52
8.82
9.8
10.78
11.76
12.74
13.72
14.7
15.68
16.66
17.64
18.62
19.6
-30.38
-29.4
-28.42
-27.44
-26.46
-25.48
-24.5
-23.52
6.86
7.84
16.66
17.64
18.62
19.6
20.58
21.56
22.54
23.52
-30.38
-29.4
-28.42
-27.44
-26.46
-25.48
-24.5
5.88
6.86
18.62
19.6
20.58
21.56
22.54
23.52
24.5
-29.4
-28.42
-27.44
-26.46
-25.48
-24.5
-12.74
-11.76
-10.78
-9.8
4.9
5.88
20.58
21.56
22.54
23.52
24.5
25.48
-14.7
-13.72
-12.74
-11.76
-10.78
-9.8
-8.82
-7.84
4.9
21.56
22.54
23.52
24.5
25.48
26.46
-15.68
-14.7
-13.72
-8.82
-7.84
4.9
22.54
23.52
24.5
25.48
26.46
-16.66
-15.68
-14.7
-7.84
4.9
22.54
23.52
24.5
25.48
26.46
-17.64
-16.66
-15.68
-7.84
-6.86
4.9
23.52
24.5
25.48
26.46
-18.62
-17.64
-16.66
-7.84
-6.86
4.9
23.52
24.5
25.48
-19.6
-18.62
-17.64
-16.66
-7.84
-6.86
3.92
4.9
23.52
24.5
25.48
-19.6
-18.62
-17.64
-16.66
-7.84
3.92
22.54
23.52
24.5
-19.6
-18.62
-17.64
-8.82
-7.84
-6.86
3.92
22.54
23.52
24.5
-19.6
-18.62
-17.64
-8.82
-7.84
-6.86
1.96
2.94
22.54
23.52
-19.6
-18.62
-17.64
-9.8
-8.82
-7.84
-6.86
-5.88
-4.9
-3.92
-2.94
-1.96
-0.98
0
0.98
21.56
22.54
23.52
-19.6
-18.62
-17.64
-16.66
-10.78
-9.8
-8.82
-7.84
-6.86
21.56
22.54
-18.62
-17.64
-16.66
-15.68
-12.74
-11.76
-10.78
-9.8
-8.82
-7.84
20.58
21.56
22.54
-18.62
-17.64
-16.66
-15.68
-14.7
-13.72
-12.74
-11.76
-10.78
-9.8
-8.82
-7.84
20.58
21.56
-17.64
-16.66
-15.68
-14.7
-13.72
-12.74
-11.76
-10.78
-9.8
-8.82
19.6
20.58
-8.82
18.62
19.6
-8.82
12.74
13.72
14.7
15.68
16.66
17.64
18.62
-7.84
10.78
11.76
14.7
15.68
16.66
-7.84
9.8
-7.84
9.8
-7.84
8.82
-6.86
8.82
-6.86
8.82
-6.86
7.84
-5.88
7.84
-5.88
6.86
-4.9
5.88
-3.92
-2.94
-1.96
3.92
4.9
-0.98
0
0.98
1.96
2.94
-26.46
-25.48
-24.5
-29.4
-28.42
-27.44
-26.46
-25.48
-24.5
-23.52
-22.54
-30.38
-29.4
-28.42
-27.44
-26.46
-25.48
-24.5
-23.52
-22.54
-21.56
27.44
28.42
29.4
30.38
31.36
32.34
-31.36
-30.38
-29.4
-28.42
-27.44
-26.46
-25.48
-24.5
-23.52
-22.54
-21.56
-20.58
26.46
27.44
28.42
29.4
30.38
31.36
32.34
33.32
-32.34
-31.36
-30.38
-29.4
-28.42
-24.5
-23.52
-22.54
-21.56
-20.58
25.48
26.46
27.44
28.42
29.4
30.38
31.36
32.34
33.32
34.3
-32.34
-31.36
-30.38
-23.52
-22.54
-21.56
-20.58
-19.6
23.52
24.5
25.48
26.46
27.44
28.42
29.4
30.38
31.36
32.34
33.32
34.3
35.28
-33.32
-32.34
-31.36
-30.38
-22.54
-21.56
-20.58
-19.6
20.58
21.56
22.54
23.52
24.5
25.48
26.46
27.44
28.42
29.4
30.38
31.36
32.34
33.32
34.3
35.28
-33.32
-32.34
-31.36
-22.54
-21.56
-20.58
-19.6
12.74
13.72
14.7
15.68
16.66
17.64
18.62
19.6
20.58
21.56
22.54
23.52
24.5
25.48
26.46
27.44
28.42
29.4
30.38
31.36
32.34
33.32
34.3
35.28
-34.3
-33.32
-32.34
-31.36
-22.54
-21.56
-20.58
-19.6
-18.62
8.82
9.8
10.78
11.76
12.74
13.72
14.7
15.68
16.66
17.64
18.62
19.6
20.58
21.56
22.54
23.52
24.5
25.48
26.46
27.44
28.42
29.4
30.38
31.36
32.34
33.32
34.3
35.28
-34.3
-33.32
-32.34
-31.36
-22.54
-21.56
-20.58
-19.6
-18.62
6.86
7.84
20.58
21.56
22.54
23.52
24.5
25.48
26.46
27.44
28.42
29.4
30.38
31.36
32.34
33.32
34.3
35.28
-34.3
-33.32
-32.34
-31.36
-22.54
-21.56
-20.58
-19.6
-18.62
-17.64
5.88
24.5
25.48
26.46
27.44
28.42
29.4
30.38
31.36
32.34
33.32
34.3
35.28
-34.3
-33.32
-32.34
-31.36
-23.52
-22.54
-21.56
-20.58
-19.6
-18.62
-17.64
-16.66
-15.68
-14.7
-13.72
-12.74
-11.76
-10.78
-9.8
-8.82
4.9
25.48
26.46
27.44
28.42
29.4
30.38
31.36
32.34
33.32
34.3
35.28
-34.3
-33.32
-32.34
-31.36
-30.38
-23.52
-22.54
-21.56
-20.58
-19.6
-18.62
-17.64
-16.66
-15.68
-14.7
-13.72
-8.82
-7.84
3.92
26.46
27.44
28.42
29.4
30.38
31.36
32.34
33.32
34.3
35.28
-34.3
-33.32
-32.34
-31.36
-30.38
-29.4
-28.42
-27.44
-26.46
-25.48
-24.5
-23.52
-22.54
-21.56
-20.58
-19.6
-18.62
-17.64
-16.66
-15.68
-6.86
3.92
27.44
28.42
29.4
30.38
31.36
32.34
33.32
34.3
-33.32
-32.34
-31.36
-30.38
-29.4
-28.42
-27.44
-26.46
-25.48
-24.5
-23.52
-22.54
-21.56
-20.58
-19.6
-18.62
-17.64
-16.66
-6.86
3.92
27.44
28.42
29.4
30.38
31.36
32.34
33.32
-33.32
-32.34
-31.36
-30.38
-29.4
-28.42
-27.44
-26.46
-25.48
-24.5
-23.52
-22.54
-21.56
-20.58
-19.6
-18.62
-17.64
-6.86
-5.88
3.92
27.44
28.42
29.4
30.38
31.36
32.34
-32.34
-31.36
-30.38
-29.4
-28.42
-27.44
-26.46
-25.48
-24.5
-23.52
-22.54
-21.56
-20.58
-19.6
-18.62
-5.88
3.92
27.44
28.42
29.4
30.38
31.36
-30.38
-29.4
-28.42
-27.44
-26.46
-25.48
-24.5
-23.52
-22.54
-21.56
-20.58
-19.6
-5.88
3.92
26.46
27.44
28.42
29.4
30.38
-28.42
-27.44
-26.46
-25.48
-24.5
-23.52
-22.54
-21.56
-20.58
-5.88
3.92
26.46
27.44
28.42
29.4
-25.48
-24.5
-23.52
-22.54
-21.56
-20.58
-6.86
-5.88
2.94
25.48
26.46
27.44
28.42
-24.5
-23.52
-22.54
-21.56
-20.58
-5.88
2.94
25.48
26.46
27.44
28.42
-23.52
-22.54
-21.56
-20.58
-5.88
-4.9
0.98
1.96
24.5
25.48
26.46
27.44
-23.52
-22.54
-21.56
-20.58
-3.92
-2.94
-1.96
-0.98
0
24.5
25.48
26.46
-22.54
-21.56
-20.58
23.52
24.5
25.48
-22.54
-21.56
-20.58
-19.6
23.52
24.5
-21.56
-20.58
-19.6
22.54
23.52
24.5
-20.58
-19.6
-18.62
21.56
22.54
23.52
-19.6
-18.62
-17.64
-16.66
-15.68
-14.7
-13.72
-12.74
-11.76
-10.78
-9.8
20.58
21.56
22.54
-18.62
-17.64
-16.66
-15.68
-14.7
-13.72
-12.74
-11.76
-10.78
-9.8
19.6
20.58
21.56
-9.8
-8.82
12.74
13.72
14.7
15.68
17.64
18.62
19.6
-8.82
10.78
11.76
16.66
-8.82
9.8
-7.84
9.8
-7.84
8.82
-7.84
8.82
-6.86
8.82
-6.86
7.84
-5.88
7.84
-5.88
-4.9
6.86
-3.92
4.9
5.88
-2.94
-1.96
-0.98
0
0.98
1.96
2.94
3.92
-27.44
-26.46
-25.48
-24.5
-23.52
-22.54
26.46
27.44
28.42
29.4
-29.4
-28.42
-27.44
-26.46
-25.48
-24.5
-23.52
-22.54
-21.56
-20.58
24.5
25.48
26.46
27.44
28.42
29.4
30.38
31.36
32.34
-31.36
-30.38
-29.4
-28.42
-27.44
-23.52
-22.54
-21.56
-20.58
-19.6
23.52
24.5
25.48
26.46
27.44
28.42
29.4
30.38
31.36
32.34
33.32
34.3
-32.34
-31.36
-30.38
-21.56
-20.58
-19.6
-18.62
22.54
23.52
24.5
25.48
26.46
27.44
28.42
29.4
30.38
31.36
32.34
33.32
34.3
35.28
-33.32
-32.34
-31.36
-20.58
-19.6
-18.62
21.56
22.54
23.52
24.5
25.48
26.46
33.32
34.3
35.28
36.26
-34.3
-33.32
-32.34
-19.6
-18.62
-17.64
19.6
20.58
21.56
22.54
23.52
24.5
25.48
34.3
35.28
36.26
37.24
-34.3
-33.32
-19.6
-18.62
-17.64
17.64
18.62
19.6
20.58
21.56
22.54
23.52
24.5
35.28
36.26
37.24
-35.28
-34.3
-33.32
-18.62
-17.64
-16.66
14.7
15.68
16.66
17.64
18.62
19.6
20.58
21.56
22.54
36.26
37.24
38.22
-36.26
-35.28
-34.3
-18.62
-17.64
-16.66
11.76
12.74
13.72
14.7
15.68
16.66
17.64
18.62
19.6
36.26
37.24
38.22
-36.26
-35.28
-34.3
-18.62
-17.64
-16.66
-15.68
8.82
9.8
10.78
11.76
36.26
37.24
38.22
-36.26
-35.28
-17.64
-16.66
-15.68
-14.7
6.86
7.84
36.26
37.24
38.22
-36.26
-35.28
-17.64
-16.66
-15.68
-14.7
-13.72
-12.74
-11.76
-10.78
5.88
36.26
37.24
38.22
39.2
-37.24
-36.26
-35.28
-16.66
-15.68
-14.7
-13.72
-12.74
-11.76
-10.78
-9.8
-8.82
-7.84
4.9
36.26
37.24
38.22
39.2
-37.24
-36.26
-35.28
-7.84
-6.86
3.92
36.26
37.24
38.22
39.2
-37.24
-36.26
-35.28
-6.86
-5.88
2.94
36.26
37.24
38.22
39.2
-37.24
-36.26
-35.28
-5.88
2.94
35.28
36.26
37.24
38.22
-36.26
-35.28
-34.3
-5.88
2.94
34.3
35.28
36.26
37.24
38.22
-36.26
-35.28
-34.3
-4.9
2.94
33.32
34.3
35.28
36.26
37.24
-35.28
-34.3
-33.32
-4.9
2.94
32.34
33.32
34.3
35.28
36.26
37.24
-35.28
-34.3
-33.32
-32.34
-31.36
-4.9
2.94
31.36
32.34
33.32
34.3
35.28
36.26
-34.3
-33.32
-32.34
-31.36
-30.38
-29.4
-4.9
2.94
30.38
31.36
32.34
33.32
34.3
-32.34
-31.36
-30.38
-29.4
-28.42
-27.44
-26.46
-4.9
2.94
29.4
30.38
31.36
32.34
33.32
-31.36
-30.38
-29.4
-28.42
-27.44
-26.46
-25.48
-4.9
1.96
29.4
30.38
31.36
32.34
-29.4
-28.42
-27.44
-26.46
-25.48
-24.5
-3.92
-2.94
0.98
28.42
29.4
30.38
31.36
-28.42
-27.44
-26.46
-25.48
-24.5
-1.96
-0.98
0
27.44
28.42
29.4
30.38
-27.44
-26.46
-25.48
-24.5
-23.52
26.46
27.44
28.42
29.4
-26.46
-25.48
-24.5
-23.52
25.48
26.46
27.44
28.42
-25.48
-24.5
-23.52
-22.54
25.48
26.46
27.44
-24.5
-23.52
-22.54
-21.56
24.5
25.48
26.46
-23.52
-22.54
-21.56
-20.58
23.52
24.5
25.48
-22.54
-21.56
-20.58
-19.6
22.54
23.52
24.5
-20.58
-19.6
-18.62
-17.64
-16.66
-15.68
-14.7
-13.72
-12.74
-11.76
-10.78
20.58
21.56
22.54
-17.64
-16.66
-15.68
-14.7
-9.8
11.76
12.74
13.72
14.7
15.68
16.66
17.64
18.62
19.6
20.58
-8.82
10.78
-8.82
9.8
-7.84
9.8
-7.84
9.8
-7.84
8.82
-6.86
8.82
-6.86
7.84
-5.88
7.84
-4.9
6.86
-3.92
-2.94
-1.96
3.92
4.9
5.88
-0.98
0
0.98
1.96
2.94
-25.48
-24.5
-23.52
-22.54
22.54
23.52
24.5
25.48
26.46
27.44
28.42
29.4
30.38
-28.42
-27.44
-26.46
-25.48
-24.5
-23.52
-22.54
-21.56
-20.58
-19.6
21.56
22.54
23.52
24.5
25.48
26.46
27.44
28.42
29.4
30.38
31.36
32.34
-30.38
-29.4
-28.42
-21.56
-20.58
-19.6
-18.62
20.58
21.56
22.54
23.52
24.5
25.48
30.38
31.36
32.34
33.32
34.3
-32.34
-31.36
-30.38
-19.6
-18.62
-17.64
19.6
20.58
21.56
22.54
23.52
33.32
34.3
35.28
-33.32
-32.34
-18.62
-17.64
-16.66
18.62
19.6
20.58
21.56
22.54
35.28
36.26
-34.3
-33.32
-17.64
-16.66
17.64
18.62
19.6
20.58
21.56
36.26
37.24
-35.28
-34.3
-17.64
-16.66
-15.68
16.66
17.64
18.62
19.6
20.58
37.24
38.22
-36.26
-35.28
-16.66
-15.68
14.7
15.68
16.66
17.64
18.62
38.22
39.2
-36.26
-35.28
-16.66
-15.68
-14.7
13.72
14.7
15.68
16.66
38.22
39.2
-37.24
-36.26
-15.68
-14.7
11.76
12.74
13.72
39.2
40.18
-37.24
-15.68
-14.7
-13.72
9.8
10.78
39.2
40.18
-38.22
-37.24
-14.7
-13.72
-12.74
7.84
8.82
39.2
40.18
-38.22
-37.24
-13.72
-12.74
-11.76
-10.78
5.88
6.86
39.2
40.18
41.16
-38.22
-37.24
-9.8
-8.82
4.9
40.18
41.16
-39.2
-38.22
-7.84
-6.86
3.92
40.18
41.16
-39.2
-38.22
-5.88
2.94
40.18
41.16
-39.2
-38.22
-5.88
2.94
40.18
41.16
-39.2
-38.22
-4.9
1.96
39.2
40.18
41.16
-39.2
-38.22
-37.24
-4.9
1.96
39.2
40.18
41.16
-38.22
-37.24
-3.92
1.96
38.22
39.2
40.18
-38.22
-37.24
-36.26
-3.92
1.96
38.22
39.2
40.18
-38.22
-37.24
-36.26
-3.92
1.96
37.24
38.22
39.2
-37.24
-36.26
-35.28
-3.92
1.96
35.28
36.26
37.24
38.22
39.2
-36.26
-35.28
-34.3
-33.32
-3.92
1.96
34.3
35.28
36.26
37.24
38.22
-35.28
-34.3
-33.32
-32.34
-3.92
1.96
33.32
34.3
35.28
36.26
37.24
-34.3
-33.32
-32.34
-31.36
-30.38
-2.94
-1.96
-0.98
0
0.98
32.34
33.32
34.3
35.28
-33.32
-32.34
-31.36
-30.38
-29.4
31.36
32.34
33.32
34.3
-31.36
-30.38
-29.4
-28.42
30.38
31.36
32.34
33.32
-30.38
-29.4
-28.42
-27.44
29.4
30.38
31.36
32.34
-29.4
-28.42
-27.44
-26.46
28.42
29.4
30.38
31.36
-28.42
-27.44
-26.46
-25.48
27.44
28.42
29.4
30.38
-27.44
-26.46
-25.48
-24.5
26.46
27.44
28.42
29.4
-26.46
-25.48
-24.5
-23.52
25.48
26.46
27.44
-24.5
-23.52
-22.54
-21.56
23.52
24.5
25.48
26.46
-22.54
-21.56
-20.58
-19.6
-18.62
-14.7
-13.72
-12.74
-11.76
-10.78
21.56
22.54
23.52
24.5
-19.6
-18.62
-17.64
-16.66
-15.68
-9.8
11.76
12.74
13.72
14.7
15.68
16.66
17.64
18.62
19.6
20.58
21.56
-8.82
10.78
-8.82
9.8
-8.82
9.8
-7.84
9.8
-7.84
8.82
-6.86
8.82
-6.86
7.84
-5.88
6.86
7.84
-4.9
-3.92
5.88
-2.94
-1.96
-0.98
0
0.98
1.96
2.94
3.92
4.9
21.56
22.54
23.52
24.5
25.48
26.46
27.44
28.42
29.4
-26.46
-25.48
-24.5
-23.52
-22.54
-21.56
-20.58
-19.6
19.6
20.58
21.56
22.54
23.52
24.5
25.48
26.46
27.44
28.42
29.4
30.38
31.36
32.34
-29.4
-28.42
-27.44
-26.46
-21.56
-20.58
-19.6
-18.62
-17.64
18.62
19.6
20.58
21.56
31.36
32.34
33.32
-31.36
-30.38
-29.4
-18.62
-17.64
-16.66
17.64
18.62
19.6
20.58
33.32
34.3
35.28
-33.32
-32.34
-31.36
-17.64
-16.66
-15.68
16.66
17.64
18.62
19.6
35.28
36.26
-34.3
-33.32
-16.66
-15.68
-14.7
16.66
17.64
18.62
36.26
37.24
-35.28
-34.3
-15.68
-14.7
15.68
16.66
17.64
37.24
38.22
-36.26
-35.28
-15.68
-14.7
-13.72
14.7
15.68
16.66
38.22
39.2
-37.24
-36.26
-14.7
-13.72
13.72
14.7
15.68
39.2
40.18
-37.24
-14.7
-13.72
12.74
13.72
40.18
-38.22
-37.24
-13.72
-12.74
11.76
12.74
40.18
41.16
-38.22
-13.72
-12.74
9.8
10.78
41.16
-39.2
-38.22
-12.74
-11.76
8.82
41.16
42.14
-39.2
-11.76
-10.78
-9.8
6.86
7.84
41.16
42.14
-40.18
-39.2
-9.8
-8.82
5.88
42.14
-40.18
-39.2
-7.84
-6.86
3.92
4.9
42.14
-40.18
-5.88
2.94
42.14
43.12
-40.18
-4.9
2.94
42.14
43.12
-40.18
-4.9
1.96
42.14
43.12
-40.18
-3.92
0.98
42.14
43.12
-40.18
-3.92
0.98
42.14
43.12
-40.18
-39.2
-2.94
0.98
41.16
42.14
43.12
-40.18
-39.2
-2.94
0.98
41.16
42.14
-40.18
-39.2
-2.94
0.98
40.18
41.16
42.14
-39.2
-38.22
-2.94
0.98
40.18
41.16
-39.2
-38.22
-37.24
-2.94
0.98
39.2
40.18
41.16
-38.22
-37.24
-36.26
-2.94
0.98
38.22
39.2
40.18
-37.24
-36.26
-35.28
-1.96
-0.98
0
36.26
37.24
38.22
39.2
-36.26
-35.28
-34.3
35.28
36.26
37.24
38.22
-35.28
-34.3
-33.32
-32.34
34.3
35.28
36.26
37.24
-34.3
-33.32
-32.34
-31.36
33.32
34.3
35.28
36.26
-33.32
-32.34
-31.36
-30.38
32.34
33.32
34.3
35.28
-32.34
-31.36
-30.38
-29.4
31.36
32.34
33.32
34.3
-30.38
-29.4
-28.42
30.38
31.36
32.34
-29.4
-28.42
-27.44
28.42
29.4
30.38
31.36
-28.42
-27.44
-26.46
-25.48
27.44
28.42
29.4
30.38
-27.44
-26.46
-25.48
-24.5
-23.52
25.48
26.46
27.44
28.42
-25.48
-24.5
-23.52
-22.54
-21.56
-20.58
-15.68
-14.7
-13.72
-12.74
-11.76
-10.78
12.74
13.72
14.7
15.68
16.66
22.54
23.52
24.5
25.48
26.46
-21.56
-20.58
-19.6
-18.62
-17.64
-16.66
-9.8
11.76
17.64
18.62
19.6
20.58
21.56
22.54
-9.8
10.78
-8.82
9.8
-8.82
9.8
-7.84
9.8
-7.84
8.82
-6.86
8.82
-6.86
-5.88
7.84
-4.9
6.86
-3.92
-2.94
-1.96
-0.98
3.92
4.9
5.88
0
0.98
1.96
2.94
21.56
22.54
23.52
24.5
25.48
26.46
27.44
19.6
20.58
21.56
22.54
23.52
24.5
25.48
26.46
27.44
28.42
29.4
30.38
-27.44
-26.46
-25.48
-24.5
-23.52
-22.54
-21.56
-20.58
-19.6
-18.62
-17.64
17.64
18.62
19.6
20.58
30.38
31.36
32.34
-30.38
-29.4
-28.42
-27.44
-18.62
-17.64
-16.66
16.66
17.64
18.62
33.32
34.3
-32.34
-31.36
-30.38
-16.66
-15.68
15.68
16.66
17.64
34.3
35.28
36.26
-33.32
-32.34
-15.68
-14.7
15.68
16.66
36.26
37.24
-34.3
-14.7
-13.72
14.7
15.68
37.24
38.22
-35.28
-13.72
-12.74
13.72
14.7
15.68
38.22
39.2
-36.26
-13.72
-12.74
13.72
14.7
39.2
40.18
-37.24
-12.74
12.74
13.72
40.18
-38.22
-12.74
-11.76
11.76
12.74
41.16
-39.2
-38.22
-12.74
-11.76
10.78
11.76
41.16
-39.2
-11.76
9.8
10.78
42.14
-40.18
-39.2
-11.76
-10.78
8.82
42.14
-40.18
-10.78
-9.8
7.84
43.12
-41.16
-40.18
-8.82
5.88
6.86
43.12
-41.16
-7.84
4.9
43.12
-41.16
-6.86
-5.88
3.92
43.12
44.1
-41.16
-4.9
2.94
44.1
-42.14
-41.16
-3.92
1.96
44.1
-42.14
-41.16
-3.92
0.98
44.1
-42.14
-41.16
-2.94
0
44.1
-42.14
-41.16
-2.94
-1.96
-0.98
0
44.1
-42.14
-41.16
-1.96
-0.98
0
44.1
-42.14
-41.16
-1.96
-0.98
0
43.12
44.1
-42.14
-41.16
-1.96
-0.98
0
43.12
44.1
-42.14
-41.16
-40.18
-1.96
-0.98
0
42.14
43.12
44.1
-41.16
-40.18
-1.96
-0.98
0
42.14
43.12
-41.16
-40.18
-39.2
-1.96
-0.98
0
41.16
42.14
-40.18
-39.2
-38.22
40.18
41.16
42.14
-39.2
-38.22
-37.24
39.2
40.18
41.16
-38.22
-37.24
-36.26
38.22
39.2
40.18
-37.24
-36.26
-35.28
37.24
38.22
39.2
-36.26
-35.28
-34.3
36.26
37.24
38.22
-35.28
-34.3
-33.32
35.28
36.26
37.24
-33.32
-32.34
-31.36
33.32
34.3
35.28
-32.34
-31.36
-30.38
32.34
33.32
34.3
-31.36
-30.38
-29.4
31.36
32.34
33.32
-30.38
-29.4
-28.42
29.4
30.38
31.36
32.34
-29.4
-28.42
-27.44
-26.46
13.72
14.7
27.44
28.42
29.4
30.38
-27.44
-26.46
-25.48
-24.5
-23.52
-22.54
-17.64
-16.66
-15.68
-14.7
-13.72
-12.74
-11.76
-10.78
12.74
15.68
16.66
17.64
18.62
19.6
20.58
21.56
22.54
23.52
24.5
25.48
26.46
27.44
28.42
-24.5
-23.52
-22.54
-21.56
-20.58
-19.6
-18.62
-9.8
11.76
-9.8
10.78
-8.82
9.8
-8.82
9.8
-7.84
9.8
-7.84
8.82
-6.86
8.82
-5.88
7.84
-4.9
-3.92
-2.94
5.88
6.86
-1.96
-0.98
0
0.98
1.96
2.94
3.92
4.9
20.58
21.56
22.54
23.52
24.5
25.48
26.46
27.44
-23.52
-22.54
-21.56
-20.58
-19.6
18.62
19.6
20.58
28.42
29.4
30.38
-27.44
-26.46
-25.48
-24.5
-23.52
-22.54
-21.56
-20.58
-19.6
-18.62
-17.64
-16.66
16.66
17.64
18.62
31.36
32.34
-30.38
-29.4
-28.42
-16.66
-15.68
15.68
16.66
33.32
34.3
-32.34
-31.36
-15.68
-14.7
-13.72
14.7
15.68
35.28
36.26
-33.32
-14.7
-13.72
-12.74
14.7
37.24
-35.28
-34.3
-13.72
-12.74
13.72
14.7
38.22
-36.26
-35.28
-12.74
-11.76
12.74
13.72
39.2
-37.24
-36.26
-11.76
12.74
40.18
-38.22
-37.24
-11.76
-10.78
11.76
12.74
41.16
-38.22
-11.76
-10.78
10.78
11.76
41.16
-39.2
-10.78
10.78
42.14
-40.18
-10.78
9.8
42.14
43.12
-40.18
-10.78
-9.8
8.82
43.12
-41.16
-9.8
7.84
43.12
-41.16
-8.82
6.86
44.1
-42.14
-7.84
5.88
44.1
-42.14
-6.86
4.9
44.1
-42.14
-5.88
2.94
3.92
45.08
-43.12
-42.14
-4.9
1.96
45.08
-43.12
-3.92
-2.94
0.98
45.08
-43.12
-2.94
-1.96
-0.98
0
45.08
-43.12
-1.96
-0.98
45.08
-43.12
45.08
46.06
-43.12
45.08
46.06
-44.1
-43.12
45.08
46.06
-43.12
45.08
-43.12
45.08
-43.12
-42.14
44.1
45.08
-43.12
-42.14
43.12
44.1
-42.14
-41.16
43.12
44.1
-41.16
-40.18
42.14
43.12
-41.16
-40.18
-39.2
41.16
42.14
-40.18
-39.2
-38.22
40.18
41.16
-39.2
-38.22
-37.24
39.2
40.18
-37.24
-36.26
38.22
39.2
-36.26
-35.28
-34.3
36.26
37.24
38.22
-35.28
-34.3
-33.32
35.28
36.26
37.24
-34.3
-33.32
-32.34
34.3
35.28
36.26
-32.34
-31.36
33.32
34.3
-31.36
-30.38
31.36
32.34
33.32
-30.38
-29.4
-28.42
-14.7
-13.72
-12.74
-11.76
12.74
13.72
14.7
15.68
16.66
17.64
29.4
30.38
31.36
-28.42
-27.44
-26.46
-25.48
-19.6
-18.62
-17.64
-16.66
-15.68
-10.78
11.76
18.62
19.6
20.58
21.56
22.54
23.52
24.5
25.48
26.46
27.44
28.42
29.4
-26.46
-25.48
-24.5
-23.52
-22.54
-21.56
-20.58
-9.8
10.78
-8.82
10.78
-8.82
9.8
-8.82
9.8
-7.84
9.8
-6.86
8.82
-6.86
-5.88
7.84
-4.9
6.86
-3.92
-2.94
-1.96
-0.98
0
0.98
1.96
2.94
3.92
4.9
5.88
19.6
20.58
21.56
22.54
23.52
24.5
25.48
26.46
27.44
-23.52
-22.54
-21.56
-20.58
-19.6
17.64
18.62
19.6
28.42
29.4
30.38
-27.44
-26.46
-25.48
-24.5
-18.62
-17.64
-16.66
-15.68
15.68
16.66
17.64
31.36
32.34
-30.38
-29.4
-28.42
-15.68
-14.7
14.7
15.68
33.32
34.3
-32.34
-31.36
-14.7
-13.72
-12.74
13.72
14.7
35.28
36.26
-33.32
-12.74
-11.76
13.72
37.24
-35.28
-34.3
-11.76
12.74
13.72
38.22
-36.26
-11.76
-10.78
11.76
12.74
39.2
-37.24
-10.78
11.76
40.18
-38.22
-10.78
-9.8
10.78
11.76
41.16
-39.2
-9.8
10.78
42.14
-39.2
-9.8
9.8
42.14
-40.18
-9.8
9.8
43.12
-41.16
-9.8
8.82
43.12
-41.16
-8.82
8.82
44.1
-42.14
-8.82
7.84
44.1
-42.14
-7.84
6.86
45.08
-43.12
-6.86
5.88
45.08
-43.12
-5.88
3.92
4.9
45.08
-43.12
-4.9
2.94
46.06
-44.1
-3.92
0.98
1.96
46.06
-44.1
-2.94
-1.96
-0.98
0
46.06
-44.1
46.06
-45.08
-44.1
46.06
47.04
-45.08
-44.1
47.04
-45.08
-44.1
47.04
-45.08
47.04
-45.08
-44.1
46.06
47.04
-45.08
-44.1
46.06
-45.08
-44.1
46.06
-44.1
45.08
46.06
-44.1
-43.12
45.08
-43.12
-42.14
44.1
45.08
-43.12
-42.14
43.12
44.1
-42.14
-41.16
42.14
43.12
-41.16
-40.18
41.16
42.14
-40.18
-39.2
-38.22
40.18
41.16
-38.22
-37.24
39.2
40.18
-37.24
-36.26
38.22
39.2
-36.26
-35.28
37.24
38.22
-34.3
-33.32
35.28
36.26
-33.32
-32.34
34.3
35.28
-32.34
-31.36
13.72
14.7
15.68
16.66
32.34
33.32
-30.38
-29.4
-16.66
-15.68
-14.7
-13.72
-12.74
-11.76
-10.78
12.74
17.64
18.62
19.6
20.58
30.38
31.36
32.34
-29.4
-28.42
-27.44
-21.56
-20.58
-19.6
-18.62
-17.64
-9.8
11.76
21.56
22.54
23.52
24.5
25.48
26.46
27.44
28.42
29.4
-26.46
-25.48
-24.5
-23.52
-22.54
-9.8
10.78
-8.82
10.78
-8.82
9.8
-7.84
9.8
-7.84
8.82
-6.86
8.82
-5.88
-4.9
7.84
-3.92
-2.94
4.9
5.88
6.86
-1.96
-0.98
0
0.98
1.96
2.94
3.92
19.6
20.58
21.56
22.54
23.52
24.5
25.48
26.46
-23.52
-22.54
-21.56
-20.58
-19.6
-18.62
17.64
18.62
27.44
28.42
29.4
30.38
-27.44
-26.46
-25.48
-24.5
-18.62
-17.64
-16.66
-15.68
15.68
16.66
31.36
32.34
-30.38
-29.4
-28.42
-14.7
-13.72
14.7
33.32
34.3
-32.34
-31.36
-13.72
-12.74
-11.76
13.72
35.28
36.26
-33.32
-11.76
-10.78
12.74
37.24
-35.28
-34.3
-10.78
11.76
12.74
38.22
-36.26
-10.78
-9.8
10.78
11.76
39.2
-37.24
-9.8
10.78
40.18
-38.22
-9.8
-8.82
9.8
10.78
41.16
-39.2
-8.82
9.8
42.14
-40.18
-8.82
9.8
43.12
-40.18
-8.82
8.82
43.12
-41.16
-8.82
8.82
44.1
-41.16
-8.82
8.82
44.1
-42.14
-7.84
7.84
45.08
-43.12
-7.84
6.86
45.08
-43.12
-6.86
5.88
46.06
-44.1
-5.88
4.9
46.06
-44.1
-4.9
3.92
46.06
-44.1
-3.92
1.96
2.94
47.04
-45.08
-2.94
-1.96
0
0.98
47.04
-45.08
-0.98
47.04
-45.08
47.04
-46.06
47.04
-46.06
48.02
-46.06
48.02
-46.06
48.02
-46.06
48.02
-46.06
47.04
48.02
-46.06
47.04
-46.06
-45.08
47.04
-45.08
46.06
47.04
-45.08
-44.1
46.06
-44.1
45.08
-43.12
44.1
45.08
-42.14
43.12
44.1
-41.16
42.14
43.12
-40.18
-39.2
41.16
42.14
-39.2
-38.22
40.18
41.16
-38.22
-37.24
39.2
40.18
-36.26
-35.28
37.24
38.22
-35.28
-34.3
36.26
37.24
-34.3
-33.32
13.72
14.7
15.68
16.66
34.3
35.28
-32.34
-31.36
-14.7
-13.72
-12.74
-11.76
12.74
17.64
18.62
19.6
32.34
33.32
34.3
-31.36
-30.38
-17.64
-16.66
-15.68
-10.78
11.76
20.58
21.56
22.54
29.4
30.38
31.36
-29.4
-28.42
-27.44
-22.54
-21.56
-20.58
-19.6
-18.62
-9.8
10.78
23.52
24.5
25.48
26.46
27.44
28.42
-26.46
-25.48
-24.5
-23.52
-9.8
10.78
-8.82
9.8
-8.82
9.8
-7.84
9.8
-6.86
8.82
-5.88
7.84
-4.9
-3.92
6.86
-2.94
-1.96
-0.98
0
0.98
1.96
2.94
3.92
4.9
5.88
20.58
21.56
22.54
23.52
24.5
25.48
-21.56
-20.58
-19.6
-18.62
16.66
17.64
18.62
19.6
26.46
27.44
28.42
29.4
-27.44
-26.46
-25.48
-24.5
-23.52
-22.54
-17.64
-16.66
-15.68
-14.7
14.7
15.68
16.66
30.38
31.36
-29.4
-28.42
-14.7
-13.72
-12.74
13.72
14.7
32.34
33.32
-32.34
-31.36
-30.38
-12.74
-11.76
-10.78
12.74
13.72
34.3
35.28
-33.32
-10.78
-9.8
11.76
12.74
36.26
37.24
-35.28
-34.3
-9.8
10.78
11.76
38.22
-36.26
-9.8
-8.82
10.78
39.2
-37.24
-8.82
9.8
40.18
-38.22
-8.82
-7.84
9.8
41.16
-39.2
-7.84
8.82
42.14
-40.18
-7.84
8.82
43.12
-40.18
-7.84
8.82
43.12
-41.16
-7.84
8.82
44.1
-42.14
-7.84
7.84
45.08
-42.14
-7.84
7.84
45.08
-43.12
-7.84
6.86
46.06
-43.12
-6.86
6.86
46.06
-44.1
-6.86
5.88
46.06
-44.1
-5.88
4.9
47.04
-45.08
-4.9
3.92
47.04
-45.08
-3.92
-2.94
1.96
2.94
47.04
-46.06
-1.96
-0.98
0
0.98
48.02
-46.06
48.02
-47.04
-46.06
48.02
-47.04
48.02
-47.04
48.02
-47.04
49
-47.04
49
-48.02
-47.04
49
-47.04
49
-47.04
48.02
-47.04
48.02
-47.04
-46.06
48.02
-46.06
47.04
-45.08
46.06
47.04
-45.08
-44.1
46.06
-44.1
-43.12
45.08
-43.12
-42.14
44.1
-42.14
-41.16
43.12
44.1
-41.16
-40.18
42.14
43.12
-40.18
-39.2
41.16
42.14
-38.22
-37.24
39.2
40.18
-37.24
-36.26
38.22
39.2
-35.28
14.7
15.68
36.26
37.24
-34.3
-33.32
-12.74
12.74
13.72
16.66
17.64
18.62
34.3
35.28
-32.34
-16.66
-15.68
-14.7
-13.72
-11.76
-10.78
11.76
19.6
20.58
32.34
33.32
-31.36
-30.38
-19.6
-18.62
-17.64
-9.8
11.76
21.56
22.54
23.52
24.5
27.44
28.42
29.4
30.38
31.36
-29.4
-28.42
-27.44
-26.46
-25.48
-24.5
-23.52
-22.54
-21.56
-20.58
-9.8
10.78
25.48
26.46
-8.82
10.78
-8.82
9.8
-7.84
9.8
-7.84
8.82
-6.86
8.82
-5.88
7.84
-4.9
-3.92
-2.94
5.88
6.86
-1.96
-0.98
0
0.98
1.96
2.94
3.92
4.9
-19.6
-18.62
16.66
17.64
18.62
19.6
20.58
21.56
22.54
23.52
24.5
25.48
26.46
27.44
28.42
-26.46
-25.48
-24.5
-23.52
-22.54
-21.56
-20.58
-17.64
-16.66
-15.68
-14.7
-13.72
14.7
15.68
29.4
30.38
31.36
-29.4
-28.42
-27.44
-13.72
-12.74
-11.76
13.72
32.34
33.32
-31.36
-30.38
-11.76
-10.78
-9.8
12.74
34.3
35.28
-33.32
-32.34
-9.8
-8.82
11.76
36.26
-35.28
-34.3
-8.82
10.78
37.24
38.22
-36.26
-8.82
-7.84
9.8
39.2
-37.24
-7.84
9.8
40.18
-38.22
-7.84
-6.86
8.82
41.16
-39.2
-6.86
8.82
42.14
-40.18
-6.86
7.84
43.12
-40.18
-6.86
7.84
43.12
-41.16
-6.86
7.84
44.1
-42.14
-6.86
7.84
45.08
-42.14
-6.86
7.84
45.08
-43.12
-6.86
6.86
46.06
-44.1
-6.86
6.86
46.06
-44.1
-6.86
5.88
47.04
-45.08
-5.88
5.88
47.04
-45.08
-4.9
4.9
47.04
-46.06
-3.92
2.94
3.92
48.02
-46.06
-2.94
-1.96
-0.98
0
0.98
1.96
48.02
-47.04
48.02
-47.04
49
-47.04
49
-48.02
49
-48.02
49
-48.02
49
-48.02
49
-49
49
-48.02
49
-48.02
49
-48.02
49
-48.02
49
-47.04
48.02
-47.04
-46.06
48.02
-46.06
47.04
-45.08
46.06
-44.1
45.08
46.06
-43.12
45.08
-42.14
44.1
-41.16
43.12
-40.18
-39.2
41.16
42.14
-38.22
40.18
-37.24
-36.26
38.22
39.2
-35.28
13.72
14.7
15.68
16.66
17.64
36.26
37.24
-34.3
-33.32
-14.7
-13.72
-12.74
-11.76
12.74
18.62
19.6
34.3
35.28
-32.34
-17.64
-16.66
-15.68
-10.78
11.76
20.58
21.56
31.36
32.34
33.32
-31.36
-30.38
-29.4
-20.58
-19.6
-18.62
-9.8
10.78
22.54
23.52
24.5
25.48
26.46
27.44
28.42
29.4
30.38
-28.42
-27.44
-26.46
-25.48
-24.5
-23.52
-22.54
-21.56
-8.82
10.78
-8.82
9.8
-7.84
9.8
-7.84
8.82
-6.86
8.82
-6.86
7.84
-5.88
-4.9
6.86
-3.92
-2.94
4.9
5.88
-1.96
-0.98
0
0.98
1.96
2.94
3.92
17.64
18.62
19.6
20.58
21.56
22.54
23.52
24.5
25.48
26.46
-25.48
-24.5
-23.52
-22.54
-21.56
-20.58
-19.6
-18.62
-17.64
-16.66
-15.68
-14.7
-13.72
-12.74
14.7
15.68
16.66
27.44
28.42
29.4
30.38
-28.42
-27.44
-26.46
-12.74
-11.76
-10.78
12.74
13.72
31.36
32.34
-31.36
-30.38
-29.4
-10.78
-9.8
11.76
12.74
33.32
34.3
-33.32
-32.34
-8.82
10.78
11.76
35.28
36.26
-34.3
-7.84
9.8
10.78
37.24
-36.26
-35.28
-7.84
-6.86
9.8
38.22
39.2
-37.24
-6.86
8.82
40.18
-38.22
-6.86
8.82
41.16
-39.2
-6.86
7.84
42.14
-40.18
-5.88
7.84
43.12
-40.18
-5.88
7.84
43.12
-41.16
-5.88
6.86
44.1
-42.14
-6.86
6.86
45.08
-42.14
-6.86
6.86
45.08
-43.12
-6.86
6.86
46.06
-44.1
-5.88
6.86
46.06
-44.1
-5.88
5.88
47.04
-45.08
-5.88
5.88
47.04
-45.08
-4.9
4.9
48.02
-46.06
-3.92
3.92
48.02
-46.06
-2.94
1.96
2.94
48.02
-47.04
-1.96
-0.98
0
0.98
49
-47.04
49
-48.02
49
-48.02
49.98
-49
49.98
-49
49.98
-49
49.98
-49
49.98
-49
49.98
-49
49.98
-49
49.98
-49
49.98
-49
49
-48.02
49
-48.02
49
-47.04
48.02
-46.06
47.04
48.02
-46.06
-45.08
47.04
-45.08
-44.1
46.06
-44.1
-43.12
45.08
-42.14
44.1
-41.16
43.12
-40.18
-39.2
41.16
42.14
-38.22
40.18
-37.24
-36.26
13.72
14.7
15.68
16.66
38.22
39.2
-35.28
-13.72
-12.74
12.74
17.64
18.62
35.28
36.26
37.24
-34.3
-33.32
-16.66
-15.68
-14.7
-11.76
-10.78
11.76
19.6
20.58
32.34
33.32
34.3
-32.34
-31.36
-18.62
-17.64
-9.8
10.78
21.56
22.54
29.4
30.38
31.36
-30.38
-29.4
-28.42
-27.44
-26.46
-23.52
-22.54
-21.56
-20.58
-19.6
-9.8
10.78
23.52
24.5
25.48
26.46
27.44
28.42
-25.48
-24.5
-8.82
10.78
-8.82
9.8
-7.84
9.8
-7.84
8.82
-6.86
8.82
-6.86
7.84
-5.88
-4.9
6.86
-4.9
-3.92
-2.94
4.9
5.88
-2.94
-1.96
-0.98
0
0.98
1.96
2.94
3.92
4.9
18.62
19.6
20.58
21.56
22.54
23.52
24.5
-24.5
-23.52
-22.54
-21.56
-20.58
-19.6
-18.62
-17.64
-16.66
-15.68
-14.7
-13.72
-12.74
-11.76
14.7
15.68
16.66
17.64
25.48
26.46
27.44
28.42
29.4
-28.42
-27.44
-26.46
-25.48
-11.76
-10.78
-9.8
12.74
13.72
30.38
31.36
-30.38
-29.4
-9.8
-8.82
11.76
32.34
33.32
-32.34
-31.36
-8.82
-7.84
10.78
34.3
35.28
-34.3
-33.32
-7.84
-6.86
9.8
36.26
37.24
-35.28
-6.86
8.82
38.22
-37.24
-36.26
-5.88
8.82
39.2
-38.22
-5.88
7.84
40.18
-39.2
-5.88
7.84
41.16
-39.2
-5.88
6.86
42.14
-40.18
-5.88
6.86
43.12
-41.16
-5.88
6.86
44.1
-42.14
-5.88
6.86
45.08
-42.14
-5.88
6.86
45.08
-43.12
-5.88
5.88
46.06
-44.1
-5.88
5.88
46.06
-44.1
-5.88
5.88
47.04
-45.08
-4.9
5.88
47.04
-45.08
-4.9
4.9
48.02
-46.06
-3.92
3.92
48.02
-47.04
-2.94
2.94
48.02
-47.04
-1.96
-0.98
0
0.98
1.96
49
-48.02
49
-48.02
49.98
-49
49.98
-49
49.98
-49
49.98
-49.98
50.96
-49.98
50.96
-49.98
50.96
-49.98
50.96
-49.98
50.96
-49.98
50.96
-49.98
49.98
-49
49.98
-49
49.98
-49
49
-48.02
49
-47.04
48.02
-47.04
48.02
-46.06
47.04
-45.08
46.06
-44.1
-43.12
45.08
46.06
-42.14
44.1
45.08
-41.16
-40.18
43.12
-39.2
41.16
42.14
-38.22
-37.24
14.7
15.68
39.2
40.18
-36.26
12.74
13.72
16.66
17.64
36.26
37.24
38.22
-35.28
-34.3
-15.68
-14.7
-13.72
-12.74
-11.76
11.76
18.62
19.6
33.32
34.3
35.28
-33.32
-32.34
-17.64
-16.66
-10.78
11.76
20.58
30.38
31.36
32.34
-31.36
-30.38
-29.4
-20.58
-19.6
-18.62
-9.8
10.78
21.56
22.54
23.52
26.46
27.44
28.42
29.4
-28.42
-27.44
-26.46
-25.48
-24.5
-23.52
-22.54
-21.56
-9.8
10.78
24.5
25.48
-8.82
9.8
-8.82
9.8
-7.84
9.8
-7.84
8.82
-6.86
8.82
-6.86
7.84
-5.88
6.86
7.84
-5.88
-4.9
-3.92
5.88
6.86
-4.9
-3.92
-2.94
-1.96
-0.98
0
0.98
1.96
2.94
3.92
4.9
5.88
-2.94
-1.96
-0.98
0
0.98
1.96
2.94
3.92
-34.3
-35.28
-34.3
-33.32
-35.28
-34.3
-33.32
-34.3
-33.32
-34.3
-33.32
-33.32
-22.54
-21.56
-20.58
-19.6
-18.62
-17.64
-16.66
-15.68
-14.7
-13.72
-12.74
-11.76
15.68
16.66
17.64
18.62
19.6
20.58
21.56
22.54
23.52
24.5
25.48
26.46
27.44
-26.46
-25.48
-24.5
-23.52
-10.78
-9.8
12.74
13.72
14.7
28.42
29.4
30.38
-29.4
-28.42
-27.44
-8.82
-7.84
11.76
31.36
32.34
-32.34
-31.36
-30.38
-7.84
-6.86
10.78
33.32
34.3
-33.32
-6.86
9.8
35.28
36.26
-35.28
-34.3
-5.88
8.82
37.24
-36.26
-5.88
7.84
38.22
39.2
-37.24
-4.9
7.84
40.18
-38.22
-4.9
6.86
41.16
-39.2
-4.9
6.86
42.14
-40.18
-4.9
6.86
43.12
-41.16
-4.9
5.88
44.1
-42.14
-4.9
5.88
44.1
-42.14
-4.9
5.88
45.08
-43.12
-4.9
5.88
46.06
-43.12
-4.9
5.88
46.06
-44.1
-4.9
4.9
47.04
-45.08
-4.9
4.9
47.04
-45.08
-3.92
4.9
48.02
-46.06
-3.92
3.92
48.02
-47.04
-2.94
-1.96
2.94
48.02
-47.04
-1.96
-0.98
0
0.98
1.96
49
-48.02
49
-48.02
49.98
-49
49.98
-49
49.98
-49.98
50.96
-49.98
50.96
-49.98
50.96
-50.96
50.96
-50.96
50.96
-50.96
50.96
-50.96
50.96
-50.96
50.96
-49.98
50.96
-49.98
50.96
-49.98
50.96
-49
49.98
-49
49.98
-48.02
49
-48.02
49
-47.04
48.02
-46.06
47.04
-45.08
-44.1
47.04
-43.12
45.08
46.06
-42.14
-41.16
44.1
-40.18
42.14
43.12
-39.2
-38.22
40.18
41.16
-37.24
13.72
14.7
15.68
16.66
37.24
38.22
39.2
-36.26
-35.28
-13.72
-12.74
12.74
17.64
18.62
34.3
35.28
36.26
-34.3
-33.32
-16.66
-15.68
-14.7
-11.76
11.76
19.6
31.36
32.34
33.32
-32.34
-31.36
-30.38
-18.62
-17.64
-10.78
11.76
20.58
21.56
28.42
29.4
30.38
-29.4
-28.42
-27.44
-26.46
-25.48
-24.5
-23.52
-22.54
-21.56
-20.58
-19.6
-9.8
10.78
22.54
23.52
24.5
25.48
26.46
27.44
-9.8
10.78
-8.82
9.8
-8.82
9.8
-8.82
9.8
-7.84
9.8
-7.84
8.82
-7.84
-6.86
8.82
-6.86
7.84
8.82
-6.86
-5.88
6.86
7.84
-5.88
-4.9
-3.92
4.9
5.88
6.86
-4.9
-3.92
-2.94
-1.96
-0.98
0
0.98
1.96
2.94
3.92
4.9
5.88
-2.94
-1.96
-0.98
0
0.98
1.96
2.94
-37.24
-36.26
-35.28
-34.3
-33.32
-38.22
-37.24
-36.26
-35.28
-34.3
-33.32
-32.34
-31.36
33.32
34.3
35.28
36.26
37.24
38.22
-39.2
-38.22
-37.24
-36.26
-35.28
-34.3
-33.32
-32.34
-31.36
-30.38
31.36
32.34
33.32
34.3
35.28
36.26
37.24
38.22
39.2
40.18
-39.2
-38.22
-37.24
-36.26
-35.28
-34.3
-33.32
-32.34
-31.36
-30.38
30.38
31.36
32.34
33.32
34.3
35.28
36.26
37.24
38.22
39.2
40.18
41.16
-39.2
-38.22
-37.24
-36.26
-35.28
-34.3
-33.32
-32.34
-31.36
-30.38
29.4
30.38
31.36
32.34
33.32
34.3
35.28
36.26
37.24
38.22
39.2
40.18
41.16
-39.2
-38.22
-37.24
-36.26
-35.28
-34.3
-33.32
-32.34
-31.36
-30.38
28.42
29.4
30.38
31.36
32.34
33.32
34.3
35.28
36.26
37.24
38.22
39.2
40.18
41.16
-39.2
-38.22
-37.24
-36.26
-35.28
-33.32
-32.34
-31.36
-30.38
28.42
29.4
30.38
31.36
32.34
33.32
34.3
35.28
36.26
37.24
38.22
39.2
40.18
41.16
-39.2
-38.22
-37.24
-36.26
-32.34
-31.36
-30.38
29.4
30.38
31.36
32.34
33.32
34.3
35.28
36.26
37.24
38.22
39.2
40.18
-39.2
-38.22
-37.24
-36.26
-32.34
-31.36
-30.38
30.38
31.36
32.34
33.32
34.3
35.28
36.26
37.24
38.22
39.2
-39.2
-38.22
-37.24
-36.26
-35.28
-32.34
-31.36
-30.38
-38.22
-37.24
-36.26
-35.28
-32.34
-31.36
-30.38
-29.4
-38.22
-37.24
-36.26
-35.28
-34.3
-32.34
-31.36
-30.38
-29.4
-37.24
-36.26
-35.28
-34.3
-33.32
-32.34
-31.36
-30.38
-29.4
-36.26
-35.28
-34.3
-33.32
-32.34
-31.36
-30.38
-29.4
-35.28
-34.3
-33.32
-32.34
-31.36
-30.38
-29.4
-34.3
-33.32
-32.34
-31.36
-30.38
-29.4
-28.42
-32.34
-31.36
-30.38
-29.4
-20.58
-19.6
-18.62
-17.64
-16.66
-15.68
-14.7
-13.72
-12.74
-11.76
16.66
17.64
18.62
19.6
20.58
21.56
22.54
23.52
24.5
-25.48
-24.5
-23.52
-22.54
-21.56
-10.78
-9.8
13.72
14.7
15.68
25.48
26.46
27.44
28.42
29.4
-28.42
-27.44
-26.46
-8.82
-7.84
11.76
12.74
30.38
31.36
-31.36
-30.38
-29.4
-6.86
10.78
32.34
33.32
-33.32
-32.34
-5.88
9.8
34.3
35.28
-34.3
-5.88
8.82
36.26
37.24
-36.26
-35.28
-4.9
7.84
38.22
-37.24
-4.9
7.84
39.2
-38.22
-4.9
6.86
40.18
-39.2
-4.9
6.86
41.16
-40.18
-3.92
5.88
42.14
-41.16
-3.92
5.88
43.12
-41.16
-3.92
5.88
44.1
-42.14
-3.92
4.9
45.08
-43.12
-3.92
4.9
45.08
-43.12
-3.92
4.9
46.06
-44.1
-3.92
4.9
46.06
-44.1
-3.92
3.92
47.04
-45.08
-3.92
-2.94
3.92
48.02
-46.06
-2.94
-1.96
2.94
3.92
48.02
-46.06
-2.94
-1.96
-0.98
0
0.98
1.96
2.94
48.02
-47.04
-0.98
0
0.98
1.96
49
-48.02
49
-48.02
49.98
-49
49.98
-49
49.98
-49.98
50.96
-49.98
50.96
-50.96
50.96
-50.96
51.94
-50.96
51.94
-50.96
51.94
-50.96
51.94
-50.96
51.94
-50.96
51.94
-50.96
51.94
-50.96
50.96
-49.98
50.96
-49.98
50.96
-49.98
49.98
-49
49.98
-48.02
49.98
-48.02
49
-47.04
48.02
-46.06
-45.08
48.02
-44.1
46.06
47.04
-43.12
-42.14
45.08
-41.16
43.12
44.1
-40.18
-39.2
41.16
42.14
-38.22
-37.24
38.22
39.2
40.18
-36.26
-35.28
13.72
14.7
15.68
16.66
35.28
36.26
37.24
-34.3
-33.32
-14.7
-13.72
-12.74
12.74
17.64
18.62
31.36
32.34
33.32
34.3
-32.34
-31.36
-30.38
-17.64
-16.66
-15.68
-11.76
11.76
19.6
20.58
29.4
30.38
-29.4
-28.42
-27.44
-26.46
-25.48
-21.56
-20.58
-19.6
-18.62
-10.78
11.76
21.56
22.54
23.52
24.5
25.48
26.46
27.44
28.42
-24.5
-23.52
-22.54
-9.8
10.78
-9.8
10.78
-9.8
10.78
-9.8
10.78
-8.82
10.78
-8.82
9.8
-8.82
9.8
-8.82
-7.84
9.8
-7.84
8.82
-7.84
-6.86
7.84
8.82
-6.86
-5.88
6.86
7.84
-5.88
-4.9
-3.92
3.92
4.9
5.88
6.86
-3.92
-2.94
-1.96
-0.98
0
0.98
1.96
2.94
3.92
4.9
-39.2
-38.22
-37.24
-36.26
-35.28
-34.3
-33.32
-32.34
-40.18
-39.2
-38.22
-37.24
-36.26
-35.28
-34.3
-33.32
-32.34
-31.36
-30.38
34.3
35.28
36.26
37.24
-41.16
-40.18
-39.2
-38.22
-32.34
-31.36
-30.38
-29.4
31.36
32.34
33.32
34.3
35.28
36.26
37.24
38.22
39.2
40.18
-41.16
-40.18
-39.2
-30.38
-29.4
-28.42
29.4
30.38
31.36
32.34
39.2
40.18
41.16
42.14
-41.16
-40.18
-29.4
-28.42
27.44
28.42
29.4
30.38
41.16
42.14
43.12
-42.14
-41.16
-40.18
-29.4
-28.42
26.46
27.44
28.42
29.4
42.14
43.12
-42.14
-41.16
-40.18
-29.4
-28.42
26.46
27.44
28.42
42.14
43.12
-42.14
-41.16
-40.18
-29.4
-28.42
25.48
26.46
27.44
42.14
43.12
44.1
-42.14
-41.16
-40.18
-29.4
-28.42
25.48
26.46
27.44
42.14
43.12
-42.14
-41.16
-40.18
-29.4
-28.42
25.48
26.46
27.44
28.42
41.16
42.14
43.12
-42.14
-41.16
-40.18
-29.4
-28.42
25.48
26.46
27.44
28.42
29.4
40.18
41.16
42.14
43.12
-41.16
-40.18
-29.4
-28.42
26.46
27.44
28.42
29.4
30.38
31.36
32.34
33.32
34.3
35.28
36.26
37.24
38.22
39.2
40.18
41.16
42.14
-41.16
-40.18
-39.2
-28.42
26.46
27.44
28.42
29.4
30.38
31.36
32.34
33.32
34.3
35.28
36.26
37.24
38.22
39.2
40.18
-40.18
-39.2
-28.42
-27.44
26.46
27.44
28.42
29.4
30.38
31.36
32.34
33.32
34.3
35.28
36.26
37.24
-39.2
-38.22
-28.42
-27.44
26.46
27.44
28.42
29.4
30.38
31.36
32.34
33.32
34.3
35.28
-39.2
-38.22
-37.24
-28.42
-27.44
27.44
28.42
29.4
30.38
31.36
32.34
33.32
34.3
-38.22
-37.24
-36.26
-28.42
-27.44
-26.46
27.44
28.42
29.4
30.38
31.36
32.34
33.32
-37.24
-36.26
-35.28
-27.44
-26.46
27.44
28.42
29.4
30.38
31.36
32.34
33.32
-35.28
-34.3
-33.32
-28.42
-27.44
-26.46
27.44
28.42
29.4
30.38
31.36
32.34
33.32
-34.3
-33.32
-32.34
-31.36
-30.38
-29.4
-28.42
-27.44
-26.46
27.44
28.42
29.4
30.38
31.36
32.34
33.32
-32.34
-31.36
-30.38
-29.4
-28.42
-27.44
27.44
28.42
29.4
30.38
31.36
32.34
33.32
-30.38
-29.4
-28.42
27.44
28.42
29.4
30.38
31.36
32.34
33.32
27.44
28.42
29.4
30.38
31.36
32.34
33.32
27.44
28.42
29.4
30.38
31.36
32.34
33.32
34.3
28.42
29.4
30.38
31.36
32.34
33.32
29.4
30.38
31.36
32.34
33.32
-17.64
-16.66
-15.68
-14.7
-13.72
-23.52
-22.54
-21.56
-20.58
-19.6
-18.62
-12.74
-11.76
-10.78
-9.8
13.72
14.7
15.68
16.66
17.64
18.62
19.6
20.58
21.56
22.54
23.52
24.5
25.48
26.46
27.44
-27.44
-26.46
-25.48
-24.5
-8.82
-7.84
11.76
12.74
28.42
29.4
30.38
-29.4
-28.42
-6.86
10.78
31.36
32.34
-31.36
-30.38
-5.88
9.8
33.32
34.3
-33.32
-32.34
-4.9
8.82
35.28
36.26
-35.28
-34.3
-4.9
7.84
37.24
-36.26
-3.92
6.86
38.22
39.2
-37.24
-3.92
6.86
40.18
-38.22
-3.92
5.88
41.16
-39.2
-3.92
5.88
42.14
-40.18
-3.92
5.88
43.12
-41.16
-3.92
4.9
43.12
-42.14
-3.92
4.9
44.1
-42.14
-3.92
4.9
45.08
-43.12
-2.94
3.92
46.06
-44.1
-2.94
3.92
46.06
-44.1
-2.94
2.94
3.92
47.04
-45.08
-2.94
-1.96
1.96
2.94
47.04
-46.06
-1.96
-0.98
0
0.98
1.96
2.94
48.02
-46.06
-0.98
0
0.98
1.96
48.02
-47.04
49
-47.04
49
-48.02
49.98
-49
49.98
-49
49.98
-49.98
50.96
-49.98
50.96
-50.96
51.94
-50.96
51.94
-50.96
51.94
-51.94
51.94
-51.94
51.94
-51.94
51.94
-51.94
51.94
-51.94
51.94
-50.96
51.94
-50.96
51.94
-50.96
51.94
-50.96
50.96
-49.98
50.96
-49.98
50.96
-49
49.98
-48.02
49.98
-48.02
-47.04
49
-46.06
48.02
-45.08
47.04
-44.1
-43.12
46.06
-42.14
-41.16
44.1
45.08
-40.18
42.14
43.12
-39.2
-38.22
39.2
40.18
41.16
-37.24
-36.26
35.28
36.26
37.24
38.22
-35.28
-34.3
-33.32
13.72
14.7
15.68
16.66
32.34
33.32
34.3
-32.34
-31.36
-30.38
-15.68
-14.7
-13.72
-12.74
12.74
17.64
18.62
29.4
30.38
31.36
-29.4
-28.42
-27.44
-26.46
-19.6
-18.62
-17.64
-16.66
-11.76
12.74
19.6
20.58
21.56
22.54
23.52
24.5
25.48
26.46
27.44
28.42
-25.48
-24.5
-23.52
-22.54
-21.56
-20.58
-10.78
11.76
-10.78
11.76
-10.78
11.76
-10.78
11.76
-9.8
11.76
-9.8
10.78
-9.8
10.78
-9.8
10.78
-8.82
9.8
10.78
-8.82
9.8
-7.84
8.82
9.8
-7.84
-6.86
7.84
8.82
-6.86
-5.88
-4.9
5.88
6.86
7.84
-4.9
-3.92
-2.94
-1.96
-0.98
0
0.98
1.96
2.94
3.92
4.9
5.88
-39.2
-38.22
-37.24
-36.26
-35.28
-34.3
-41.16
-40.18
-39.2
-38.22
-37.24
-36.26
-35.28
-34.3
-33.32
-32.34
-31.36
-42.14
-41.16
-40.18
-31.36
-30.38
-29.4
33.32
34.3
35.28
36.26
37.24
38.22
39.2
-43.12
-42.14
-41.16
-29.4
-28.42
31.36
32.34
33.32
38.22
39.2
40.18
41.16
-43.12
-42.14
-28.42
-27.44
28.42
29.4
30.38
41.16
42.14
43.12
-43.12
-42.14
-27.44
27.44
28.42
43.12
44.1
-43.12
-42.14
-27.44
-26.46
25.48
26.46
44.1
45.08
-43.12
-27.44
-26.46
25.48
44.1
45.08
-44.1
-43.12
-27.44
-26.46
24.5
25.48
44.1
45.08
-44.1
-43.12
-27.44
24.5
45.08
-44.1
-43.12
-27.44
24.5
44.1
45.08
-44.1
-43.12
-27.44
24.5
44.1
45.08
-44.1
-43.12
-27.44
24.5
44.1
45.08
-43.12
-42.14
-27.44
24.5
25.48
43.12
44.1
-43.12
-42.14
-27.44
-26.46
24.5
25.48
41.16
42.14
43.12
-42.14
-41.16
-26.46
25.48
38.22
39.2
40.18
41.16
42.14
-41.16
-40.18
-26.46
25.48
36.26
37.24
38.22
39.2
40.18
41.16
-41.16
-40.18
-26.46
-25.48
25.48
26.46
35.28
36.26
37.24
38.22
-40.18
-39.2
-25.48
25.48
26.46
34.3
35.28
36.26
37.24
-39.2
-38.22
-25.48
25.48
26.46
34.3
35.28
36.26
-38.22
-37.24
-36.26
-25.48
-24.5
25.48
26.46
34.3
35.28
36.26
-36.26
-35.28
-25.48
-24.5
25.48
26.46
34.3
35.28
-35.28
-34.3
-33.32
-26.46
-25.48
25.48
26.46
34.3
35.28
36.26
-33.32
-32.34
-31.36
-27.44
-26.46
-25.48
25.48
26.46
34.3
35.28
36.26
-31.36
-30.38
-29.4
-28.42
-27.44
-26.46
25.48
26.46
34.3
35.28
36.26
26.46
35.28
36.26
26.46
27.44
34.3
35.28
36.26
27.44
28.42
34.3
35.28
36.26
28.42
29.4
30.38
31.36
32.34
33.32
34.3
35.28
29.4
30.38
31.36
32.34
33.32
34.3
-21.56
-20.58
-19.6
-18.62
-17.64
-16.66
-15.68
-14.7
-13.72
-12.74
-11.76
-10.78
-9.8
14.7
15.68
16.66
17.64
18.62
19.6
20.58
21.56
22.54
23.52
24.5
-25.48
-24.5
-23.52
-22.54
-8.82
-7.84
12.74
13.72
25.48
26.46
27.44
28.42
-28.42
-27.44
-26.46
-6.86
10.78
11.76
29.4
30.38
31.36
-30.38
-29.4
-5.88
9.8
32.34
33.32
-32.34
-31.36
-4.9
8.82
34.3
35.28
-34.3
-33.32
-4.9
7.84
36.26
-35.28
-3.92
6.86
37.24
38.22
-37.24
-36.26
-3.92
6.86
39.2
-38.22
-3.92
5.88
40.18
-39.2
-2.94
5.88
41.16
-40.18
-2.94
4.9
42.14
-41.16
-2.94
4.9
43.12
-41.16
-2.94
4.9
44.1
-42.14
-2.94
3.92
44.1
-43.12
-2.94
3.92
45.08
-43.12
-1.96
2.94
46.06
-44.1
-1.96
-0.98
1.96
2.94
46.06
-45.08
-1.96
-0.98
0
0.98
1.96
47.04
-45.08
-0.98
0
0.98
48.02
-46.06
48.02
-47.04
49
-47.04
49
-48.02
49
-49
49.98
-49
49.98
-49.98
50.96
-49.98
50.96
-50.96
51.94
-50.96
51.94
-51.94
51.94
-51.94
51.94
-51.94
52.92
-51.94
52.92
-51.94
52.92
-51.94
52.92
-51.94
52.92
-51.94
52.92
-51.94
51.94
-50.96
51.94
-50.96
51.94
-50.96
51.94
-49.98
50.96
-49.98
50.96
-49
49.98
-48.02
49.98
-47.04
49
-46.06
-45.08
48.02
-44.1
46.06
47.04
-43.12
-42.14
45.08
-41.16
-40.18
43.12
44.1
-39.2
-38.22
40.18
41.16
42.14
-37.24
-36.26
35.28
36.26
37.24
38.22
39.2
-35.28
-34.3
-33.32
32.34
33.32
34.3
-32.34
-31.36
-30.38
13.72
14.7
15.68
16.66
29.4
30.38
31.36
-29.4
-28.42
-27.44
-26.46
-17.64
-16.66
-15.68
-14.7
-13.72
-12.74
13.72
14.7
15.68
16.66
17.64
18.62
19.6
25.48
26.46
27.44
28.42
-25.48
-24.5
-23.52
-22.54
-21.56
-20.58
-19.6
-18.62
-13.72
-12.74
-11.76
12.74
13.72
20.58
21.56
22.54
23.52
24.5
-11.76
12.74
-11.76
12.74
-11.76
12.74
-11.76
-10.78
12.74
-10.78
11.76
12.74
-10.78
11.76
-10.78
11.76
-10.78
-9.8
11.76
-9.8
10.78
11.76
-9.8
-8.82
10.78
-8.82
9.8
-7.84
8.82
9.8
-6.86
-5.88
6.86
7.84
-5.88
-4.9
-3.92
-2.94
-1.96
-0.98
0
0.98
1.96
2.94
3.92
4.9
5.88
6.86
-41.16
-40.18
-39.2
-38.22
-37.24
-36.26
-35.28
-34.3
-43.12
-42.14
-41.16
-40.18
-33.32
-32.34
-31.36
-44.1
-43.12
-42.14
-30.38
-29.4
34.3
35.28
36.26
37.24
38.22
39.2
-44.1
-43.12
-28.42
31.36
32.34
33.32
40.18
41.16
42.14
-45.08
-44.1
-27.44
29.4
30.38
42.14
43.12
44.1
-45.08
-44.1
-26.46
27.44
28.42
44.1
45.08
-45.08
-44.1
-26.46
25.48
26.46
45.08
46.06
-45.08
-44.1
-25.48
24.5
46.06
-45.08
-44.1
-25.48
24.5
46.06
-45.08
-25.48
23.52
46.06
47.04
-45.08
-26.46
23.52
46.06
47.04
-45.08
-26.46
23.52
46.06
47.04
-45.08
-26.46
23.52
46.06
47.04
-45.08
-26.46
23.52
46.06
47.04
-45.08
-44.1
-26.46
23.52
45.08
46.06
-45.08
-44.1
-25.48
23.52
44.1
45.08
46.06
-44.1
-43.12
-25.48
24.5
43.12
44.1
45.08
-43.12
-42.14
-25.48
-24.5
24.5
42.14
43.12
44.1
-42.14
-24.5
24.5
39.2
40.18
41.16
42.14
-41.16
-24.5
24.5
38.22
39.2
40.18
41.16
-40.18
-24.5
-23.52
24.5
37.24
38.22
39.2
-39.2
-23.52
24.5
37.24
38.22
-38.22
-37.24
-23.52
24.5
36.26
37.24
38.22
-37.24
-36.26
-24.5
-23.52
24.5
37.24
38.22
-35.28
-34.3
-24.5
-23.52
24.5
37.24
38.22
-34.3
-33.32
-32.34
-25.48
-24.5
24.5
37.24
38.22
-32.34
-31.36
-30.38
-29.4
-28.42
-27.44
-26.46
-25.48
25.48
37.24
38.22
25.48
37.24
38.22
25.48
26.46
37.24
38.22
26.46
27.44
36.26
37.24
27.44
28.42
35.28
36.26
37.24
28.42
29.4
30.38
31.36
32.34
33.32
34.3
35.28
36.26
31.36
32.34
33.32
34.3
-18.62
-17.64
-16.66
-15.68
-14.7
-13.72
-12.74
-11.76
-10.78
-23.52
-22.54
-21.56
-20.58
-19.6
-9.8
-8.82
12.74
13.72
14.7
15.68
16.66
17.64
18.62
19.6
20.58
21.56
22.54
23.52
24.5
25.48
26.46
-26.46
-25.48
-24.5
-7.84
-6.86
10.78
11.76
27.44
28.42
29.4
30.38
-29.4
-28.42
-27.44
-5.88
9.8
31.36
32.34
-31.36
-30.38
-4.9
8.82
33.32
34.3
-33.32
-32.34
-4.9
7.84
35.28
-34.3
-3.92
6.86
36.26
37.24
-36.26
-35.28
-3.92
6.86
38.22
-37.24
-2.94
5.88
39.2
-38.22
-2.94
5.88
40.18
-39.2
-2.94
4.9
41.16
-40.18
-2.94
4.9
42.14
-41.16
-2.94
3.92
43.12
-42.14
-1.96
3.92
44.1
-43.12
-1.96
3.92
45.08
-43.12
-1.96
2.94
45.08
-44.1
-0.98
0
0.98
1.96
46.06
-45.08
0
0.98
47.04
-45.08
47.04
-46.06
48.02
-46.06
48.02
-47.04
49
-48.02
49
-48.02
49.98
-49
49.98
-49.98
50.96
-49.98
50.96
-50.96
50.96
-50.96
51.94
-51.94
51.94
-51.94
51.94
-51.94
52.92
-51.94
52.92
-51.94
52.92
-51.94
52.92
-51.94
52.92
-51.94
52.92
-51.94
52.92
-51.94
52.92
-51.94
52.92
-50.96
51.94
-50.96
51.94
-50.96
51.94
-49.98
50.96
-49
50.96
-49
49.98
-48.02
-47.04
49
-46.06
48.02
-45.08
-44.1
47.04
-43.12
-42.14
45.08
46.06
-41.16
-40.18
43.12
44.1
-39.2
-38.22
40.18
41.16
42.14
-37.24
-36.26
-35.28
36.26
37.24
38.22
39.2
-34.3
-33.32
-32.34
32.34
33.32
34.3
35.28
-31.36
-30.38
-29.4
29.4
30.38
31.36
-28.42
-27.44
-26.46
-25.48
25.48
26.46
27.44
28.42
-24.5
-23.52
-22.54
-21.56
-20.58
-19.6
-18.62
-17.64
-16.66
-15.68
-14.7
14.7
15.68
16.66
17.64
18.62
19.6
20.58
21.56
22.54
23.52
24.5
-14.7
-13.72
-12.74
13.72
14.7
15.68
16.66
-13.72
-12.74
13.72
14.7
-12.74
13.72
14.7
-12.74
13.72
-11.76
13.72
-11.76
12.74
13.72
-11.76
12.74
-10.78
12.74
-10.78
12.74
-10.78
11.76
-9.8
10.78
-8.82
10.78
-8.82
-7.84
8.82
9.8
-6.86
7.84
8.82
-5.88
-4.9
-3.92
-2.94
-1.96
-0.98
0
0.98
1.96
2.94
3.92
4.9
5.88
6.86
-42.14
-41.16
-40.18
-39.2
-38.22
-37.24
-36.26
-35.28
-44.1
-43.12
-42.14
-34.3
-33.32
-32.34
-45.08
-44.1
-31.36
-30.38
-29.4
34.3
35.28
36.26
37.24
38.22
39.2
40.18
-46.06
-45.08
-28.42
32.34
33.32
40.18
41.16
42.14
43.12
-46.06
-45.08
-27.44
-26.46
29.4
30.38
31.36
43.12
44.1
45.08
-46.06
-26.46
28.42
45.08
46.06
-46.06
-25.48
26.46
27.44
46.06
-47.04
-46.06
-25.48
25.48
47.04
-47.04
-46.06
-24.5
24.5
47.04
-47.04
-46.06
-24.5
23.52
47.04
48.02
-47.04
-46.06
-25.48
22.54
48.02
-47.04
-46.06
-25.48
22.54
48.02
-47.04
-46.06
-25.48
22.54
48.02
-47.04
-46.06
-25.48
22.54
48.02
-47.04
-46.06
-25.48
22.54
48.02
-47.04
-46.06
-25.48
-24.5
22.54
47.04
48.02
-46.06
-24.5
23.52
47.04
-45.08
-24.5
23.52
46.06
-45.08
-44.1
-23.52
23.52
45.08
46.06
-44.1
-43.12
-23.52
23.52
43.12
44.1
-43.12
-42.14
-23.52
-22.54
23.52
42.14
43.12
-42.14
-41.16
-22.54
23.52
40.18
41.16
42.14
-41.16
-40.18
-22.54
23.52
39.2
40.18
41.16
-40.18
-39.2
-22.54
23.52
39.2
40.18
-39.2
-38.22
-22.54
23.52
39.2
40.18
-38.22
-37.24
-36.26
-22.54
23.52
39.2
40.18
-36.26
-35.28
-23.52
24.5
39.2
40.18
-34.3
-33.32
-24.5
-23.52
24.5
39.2
40.18
-32.34
-31.36
-30.38
-29.4
-28.42
-27.44
-26.46
-25.48
24.5
39.2
40.18
25.48
39.2
25.48
38.22
39.2
26.46
38.22
27.44
28.42
37.24
29.4
30.38
35.28
36.26
31.36
32.34
33.32
34.3
-14.7
-21.56
-20.58
-19.6
-18.62
-17.64
-16.66
-15.68
-13.72
-12.74
-11.76
-10.78
-9.8
-8.82
14.7
15.68
16.66
17.64
18.62
19.6
20.58
21.56
22.54
23.52
-24.5
-23.52
-22.54
-7.84
-6.86
11.76
12.74
13.72
24.5
25.48
26.46
27.44
28.42
-27.44
-26.46
-25.48
-5.88
9.8
10.78
29.4
30.38
31.36
-30.38
-29.4
-28.42
-4.9
8.82
32.34
33.32
-32.34
-31.36
-4.9
7.84
34.3
-33.32
-3.92
6.86
35.28
36.26
-35.28
-34.3
-3.92
6.86
37.24
-36.26
-2.94
5.88
38.22
-37.24
-2.94
5.88
39.2
40.18
-38.22
-2.94
4.9
41.16
-39.2
-1.96
4.9
42.14
-40.18
-1.96
3.92
42.14
-41.16
-1.96
3.92
43.12
-42.14
-1.96
2.94
44.1
-43.12
-0.98
1.96
2.94
45.08
-44.1
-0.98
0
0.98
1.96
46.06
-44.1
46.06
-45.08
47.04
-46.06
47.04
-46.06
48.02
-47.04
49
-48.02
49
-48.02
49.98
-49
49.98
-49.98
50.96
-49.98
50.96
-50.96
50.96
-50.96
51.94
-51.94
51.94
-51.94
52.92
-51.94
52.92
-51.94
52.92
-52.92
52.92
-52.92
52.92
-52.92
52.92
-52.92
52.92
-52.92
52.92
-51.94
52.92
-51.94
52.92
-51.94
52.92
-51.94
52.92
-50.96
51.94
-50.96
51.94
-49.98
50.96
-49.98
50.96
-49
49.98
-48.02
49
-47.04
-46.06
48.02
49
-45.08
-44.1
47.04
-43.12
-42.14
45.08
46.06
-41.16
-40.18
43.12
44.1
-39.2
-38.22
40.18
41.16
42.14
-37.24
-36.26
-35.28
36.26
37.24
38.22
39.2
-34.3
-33.32
-32.34
-31.36
32.34
33.32
34.3
35.28
-30.38
-29.4
-28.42
28.42
29.4
30.38
31.36
-27.44
-26.46
-25.48
-24.5
25.48
26.46
27.44
-23.52
-22.54
-21.56
-20.58
-19.6
22.54
23.52
24.5
-18.62
-17.64
-16.66
-15.68
17.64
18.62
19.6
20.58
21.56
-15.68
-14.7
15.68
16.66
17.64
-14.7
-13.72
15.68
16.66
-13.72
14.7
15.68
-12.74
14.7
-12.74
14.7
-12.74
13.72
-11.76
13.72
-11.76
12.74
-10.78
12.74
-10.78
11.76
-9.8
11.76
-9.8
10.78
-8.82
-7.84
9.8
-6.86
7.84
8.82
-5.88
-4.9
-3.92
-2.94
-1.96
-0.98
0
0.98
1.96
2.94
3.92
4.9
5.88
6.86
-42.14
-41.16
-40.18
-39.2
-38.22
-37.24
-36.26
-45.08
-44.1
-43.12
-35.28
-34.3
-33.32
-32.34
-46.06
-45.08
-31.36
-30.38
35.28
36.26
37.24
38.22
39.2
40.18
-47.04
-46.06
-29.4
-28.42
32.34
33.32
34.3
41.16
42.14
43.12
-48.02
-47.04
-27.44
-26.46
30.38
31.36
44.1
45.08
-48.02
-47.04
-25.48
29.4
46.06
47.04
-48.02
-47.04
-25.48
27.44
28.42
47.04
-48.02
-47.04
-24.5
25.48
26.46
47.04
48.02
-48.02
-24.5
24.5
48.02
-48.02
-24.5
23.52
48.02
49
-48.02
-24.5
22.54
49
-48.02
-24.5
22.54
49
-48.02
-24.5
22.54
49
49.98
-48.02
-24.5
22.54
49
49.98
-48.02
-24.5
22.54
49
49.98
-48.02
-24.5
-23.52
22.54
49
-48.02
-23.52
22.54
49
-48.02
-47.04
-23.52
22.54
48.02
-47.04
-46.06
-23.52
-22.54
22.54
47.04
48.02
-46.06
-22.54
22.54
47.04
-45.08
-22.54
23.52
45.08
46.06
-44.1
-21.56
23.52
44.1
45.08
-43.12
-21.56
23.52
43.12
44.1
-43.12
-42.14
-21.56
23.52
42.14
43.12
-42.14
-41.16
-21.56
23.52
41.16
42.14
43.12
-41.16
-40.18
-21.56
23.52
41.16
42.14
-40.18
-39.2
-21.56
23.52
41.16
42.14
-39.2
-38.22
-37.24
-22.54
23.52
41.16
42.14
-38.22
-37.24
-36.26
-35.28
-22.54
23.52
41.16
-36.26
-35.28
-34.3
-33.32
-24.5
-23.52
23.52
41.16
-33.32
-32.34
-31.36
-30.38
-29.4
-28.42
-27.44
-26.46
-25.48
-24.5
24.5
40.18
41.16
24.5
40.18
25.48
39.2
26.46
38.22
39.2
27.44
28.42
37.24
38.22
29.4
30.38
35.28
36.26
31.36
32.34
33.32
34.3
-18.62
-17.64
-16.66
-15.68
-14.7
-13.72
-12.74
-11.76
-10.78
-22.54
-21.56
-20.58
-19.6
-9.8
-8.82
-7.84
12.74
13.72
14.7
15.68
16.66
17.64
18.62
19.6
20.58
21.56
22.54
23.52
24.5
25.48
-25.48
-24.5
-23.52
-6.86
10.78
11.76
26.46
27.44
28.42
29.4
-28.42
-27.44
-26.46
-5.88
9.8
30.38
31.36
-30.38
-29.4
-4.9
7.84
8.82
32.34
33.32
-32.34
-31.36
-3.92
7.84
34.3
35.28
-34.3
-33.32
-3.92
6.86
36.26
-35.28
-2.94
5.88
37.24
-37.24
-36.26
-2.94
5.88
38.22
39.2
-38.22
-1.96
4.9
40.18
-39.2
-1.96
4.9
41.16
-40.18
-1.96
3.92
42.14
-41.16
-1.96
3.92
43.12
-42.14
-0.98
2.94
44.1
-43.12
-0.98
0
1.96
44.1
-44.1
0
0.98
45.08
-44.1
46.06
-45.08
47.04
-46.06
47.04
-46.06
48.02
-47.04
48.02
-48.02
49
-48.02
49
-49
49.98
-49
49.98
-49.98
50.96
-50.96
50.96
-50.96
51.94
-51.94
51.94
-51.94
52.92
-51.94
52.92
-52.92
52.92
-52.92
52.92
-52.92
53.9
-52.92
53.9
-52.92
53.9
-52.92
53.9
-52.92
53.9
-52.92
53.9
-51.94
52.92
-51.94
52.92
-51.94
52.92
-51.94
52.92
-50.96
51.94
-50.96
51.94
-49.98
50.96
-49
49.98
-48.02
49.98
-47.04
-46.06
48.02
49
-45.08
47.04
-44.1
-43.12
-42.14
45.08
46.06
-41.16
-40.18
43.12
44.1
-39.2
-38.22
-37.24
40.18
41.16
42.14
-36.26
-35.28
-34.3
37.24
38.22
39.2
-33.32
-32.34
-31.36
-30.38
33.32
34.3
35.28
36.26
-29.4
-28.42
-27.44
-26.46
29.4
30.38
31.36
32.34
-25.48
-24.5
25.48
26.46
27.44
28.42
-23.52
-22.54
-21.56
-20.58
23.52
24.5
-19.6
-18.62
21.56
22.54
-17.64
-16.66
18.62
19.6
20.58
-15.68
17.64
18.62
-14.7
16.66
17.64
-14.7
-13.72
15.68
16.66
-13.72
15.68
-13.72
14.7
-12.74
14.7
-12.74
13.72
-11.76
13.72
-11.76
12.74
-10.78
12.74
-10.78
11.76
-9.8
10.78
-8.82
-7.84
9.8
-6.86
-5.88
7.84
8.82
-4.9
-3.92
-2.94
-1.96
-0.98
0
0.98
1.96
2.94
3.92
4.9
5.88
6.86
-45.08
-44.1
-43.12
-42.14
-41.16
-40.18
-39.2
-38.22
-37.24
-36.26
-35.28
-34.3
-47.04
-46.06
-33.32
-32.34
-31.36
36.26
37.24
38.22
39.2
40.18
-48.02
-47.04
-30.38
-29.4
-28.42
33.32
34.3
35.28
41.16
42.14
43.12
44.1
-49
-48.02
-27.44
31.36
32.34
44.1
45.08
46.06
-49.98
-49
-26.46
30.38
46.06
47.04
48.02
-49.98
-49
-25.48
28.42
29.4
48.02
-49.98
-49
-24.5
26.46
27.44
48.02
49
-49.98
-49
-24.5
25.48
49
49.98
-49.98
-49
-23.52
24.5
49
49.98
-49.98
-49
-23.52
23.52
49.98
-49.98
-49
-23.52
22.54
49.98
50.96
-49.98
-49
-23.52
22.54
49.98
50.96
-49.98
-49
-23.52
21.56
50.96
-49.98
-49
-23.52
21.56
50.96
-49.98
-49
-23.52
21.56
50.96
-49.98
-49
-22.54
21.56
49.98
50.96
-49
-22.54
22.54
49.98
-49
-22.54
22.54
49
49.98
-49
-48.02
-21.56
22.54
49
-48.02
-47.04
-21.56
22.54
48.02
-47.04
-46.06
-21.56
22.54
47.04
48.02
-46.06
-45.08
-21.56
22.54
46.06
47.04
-45.08
-44.1
-20.58
22.54
45.08
46.06
-44.1
-20.58
22.54
44.1
45.08
-44.1
-43.12
-20.58
22.54
44.1
-43.12
-42.14
-21.56
22.54
43.12
44.1
-43.12
-42.14
-41.16
-21.56
22.54
43.12
44.1
-42.14
-41.16
-40.18
-21.56
22.54
43.12
-41.16
-40.18
-39.2
-21.56
23.52
42.14
43.12
-41.16
-40.18
-39.2
-38.22
-37.24
-22.54
23.52
42.14
43.12
-39.2
-38.22
-37.24
-36.26
-35.28
-34.3
-24.5
-23.52
23.52
42.14
-36.26
-35.28
-34.3
-33.32
-32.34
-31.36
-30.38
-29.4
-28.42
-27.44
-26.46
-25.48
24.5
41.16
25.48
40.18
41.16
25.48
26.46
40.18
27.44
38.22
39.2
28.42
29.4
37.24
30.38
31.36
32.34
33.32
34.3
35.28
36.26
-14.7
-13.72
-20.58
-19.6
-18.62
-17.64
-16.66
-15.68
-12.74
-11.76
-10.78
-9.8
-8.82
14.7
15.68
16.66
17.64
18.62
19.6
20.58
21.56
-24.5
-23.52
-22.54
-21.56
-7.84
-6.86
11.76
12.74
13.72
22.54
23.52
24.5
25.48
26.46
27.44
-26.46
-25.48
-5.88
9.8
10.78
28.42
29.4
30.38
-29.4
-28.42
-27.44
-4.9
8.82
31.36
32.34
-31.36
-30.38
-3.92
7.84
33.32
34.3
-33.32
-32.34
-3.92
6.86
35.28
-34.3
-2.94
5.88
36.26
37.24
-36.26
-35.28
-2.94
5.88
38.22
-37.24
-1.96
4.9
39.2
-38.22
-1.96
4.9
40.18
-39.2
-1.96
3.92
41.16
-41.16
-40.18
-0.98
3.92
42.14
-42.14
-0.98
2.94
43.12
-43.12
0
1.96
44.1
-43.12
0.98
45.08
-44.1
45.08
-45.08
46.06
-46.06
47.04
-46.06
48.02
-47.04
48.02
-48.02
49
-48.02
49
-49
49.98
-49
49.98
-49.98
50.96
-50.96
50.96
-50.96
51.94
-51.94
51.94
-51.94
52.92
-51.94
52.92
-52.92
52.92
-52.92
53.9
-52.92
53.9
-52.92
53.9
-52.92
53.9
-52.92
53.9
-52.92
53.9
-52.92
53.9
-52.92
53.9
-51.94
53.9
-51.94
52.92
-51.94
52.92
-51.94
52.92
-50.96
51.94
-50.96
51.94
-49.98
50.96
-49
49.98
-48.02
49
49.98
-47.04
-46.06
48.02
-45.08
-44.1
47.04
-43.12
-42.14
45.08
46.06
-41.16
-40.18
43.12
44.1
-39.2
-38.22
-37.24
41.16
42.14
-36.26
-35.28
-34.3
-33.32
-32.34
38.22
39.2
40.18
-31.36
-30.38
-29.4
-28.42
34.3
35.28
36.26
37.24
-27.44
-26.46
29.4
30.38
31.36
32.34
33.32
-25.48
-24.5
-23.52
26.46
27.44
28.42
-22.54
-21.56
24.5
25.48
-20.58
-19.6
22.54
23.52
-18.62
20.58
21.56
-17.64
-16.66
19.6
-15.68
18.62
-15.68
17.64
-14.7
16.66
-14.7
15.68
-13.72
15.68
-13.72
14.7
-12.74
14.7
-12.74
13.72
-11.76
12.74
-10.78
12.74
-10.78
11.76
-9.8
10.78
-8.82
-7.84
9.8
-6.86
-5.88
6.86
7.84
8.82
-4.9
-3.92
-2.94
-1.96
-0.98
0
0.98
1.96
2.94
3.92
4.9
5.88
-45.08
-44.1
-43.12
-42.14
-41.16
-40.18
-39.2
-38.22
-37.24
-36.26
-35.28
-48.02
-47.04
-46.06
-34.3
-33.32
-32.34
-49
-48.02
-31.36
-30.38
-29.4
34.3
35.28
36.26
37.24
38.22
39.2
40.18
41.16
42.14
43.12
44.1
-49.98
-49
-28.42
-27.44
32.34
33.32
45.08
46.06
47.04
-50.96
-49.98
-26.46
31.36
47.04
48.02
49
-51.94
-50.96
-25.48
29.4
30.38
49
49.98
-51.94
-50.96
-24.5
27.44
28.42
49
49.98
50.96
-51.94
-50.96
-24.5
26.46
49.98
50.96
-51.94
-50.96
-23.52
25.48
50.96
51.94
-51.94
-50.96
-23.52
23.52
24.5
50.96
51.94
-51.94
-50.96
-23.52
23.52
50.96
51.94
-51.94
-50.96
-23.52
22.54
51.94
52.92
-51.94
-50.96
-22.54
21.56
51.94
52.92
-50.96
-22.54
21.56
51.94
-50.96
-22.54
21.56
51.94
-50.96
-22.54
21.56
51.94
-50.96
-21.56
21.56
51.94
-50.96
-49.98
-21.56
21.56
50.96
-50.96
-49.98
-21.56
21.56
50.96
-49.98
-20.58
21.56
49.98
-49.98
-49
-20.58
22.54
49
-49
-48.02
-20.58
22.54
49
-48.02
-47.04
-20.58
22.54
48.02
-47.04
-46.06
-20.58
22.54
47.04
-46.06
-45.08
-20.58
22.54
46.06
47.04
-45.08
-20.58
22.54
45.08
46.06
-45.08
-44.1
-20.58
22.54
45.08
46.06
-44.1
-20.58
22.54
45.08
-44.1
-43.12
-20.58
22.54
44.1
45.08
-44.1
-43.12
-42.14
-21.56
22.54
44.1
45.08
-43.12
-42.14
-21.56
22.54
44.1
-43.12
-42.14
-41.16
-40.18
-22.54
23.52
43.12
44.1
-42.14
-41.16
-40.18
-39.2
-38.22
-37.24
-24.5
-23.52
23.52
42.14
43.12
-41.16
-40.18
-39.2
-38.22
-37.24
-36.26
-35.28
-34.3
-33.32
-32.34
-31.36
-30.38
-29.4
-28.42
-27.44
-26.46
-25.48
24.5
42.14
-38.22
-37.24
-36.26
-35.28
-34.3
-33.32
-32.34
-31.36
-30.38
-29.4
-28.42
25.48
41.16
26.46
39.2
40.18
27.44
28.42
38.22
29.4
36.26
37.24
30.38
31.36
32.34
33.32
34.3
35.28
-18.62
-17.64
-16.66
-15.68
-14.7
-13.72
-12.74
-11.76
-10.78
-22.54
-21.56
-20.58
-19.6
-9.8
-8.82
-7.84
12.74
13.72
14.7
15.68
16.66
17.64
18.62
19.6
20.58
21.56
22.54
23.52
24.5
-25.48
-24.5
-23.52
-6.86
-5.88
10.78
11.76
25.48
26.46
27.44
28.42
-27.44
-26.46
-4.9
8.82
9.8
29.4
30.38
-29.4
-28.42
-3.92
7.84
31.36
32.34
-32.34
-31.36
-30.38
-3.92
6.86
33.32
34.3
-33.32
-2.94
6.86
35.28
-35.28
-34.3
-2.94
5.88
36.26
37.24
-36.26
-1.96
4.9
38.22
-38.22
-37.24
-1.96
4.9
39.2
-39.2
-1.96
3.92
40.18
-40.18
-0.98
3.92
41.16
-41.16
-0.98
2.94
42.14
-42.14
0
0.98
1.96
43.12
-43.12
0.98
44.1
-44.1
45.08
-45.08
46.06
-46.06
47.04
-46.06
47.04
-47.04
48.02
-48.02
49
-48.02
49
-49
49.98
-49
49.98
-49.98
50.96
-50.96
50.96
-50.96
51.94
-51.94
51.94
-51.94
52.92
-51.94
52.92
-52.92
52.92
-52.92
53.9
-52.92
53.9
-52.92
53.9
-52.92
53.9
-52.92
53.9
-52.92
53.9
-52.92
53.9
-52.92
53.9
-52.92
53.9
-52.92
53.9
-51.94
53.9
-51.94
52.92
-51.94
52.92
-50.96
51.94
-49.98
51.94
-49.98
50.96
-49
49.98
-48.02
49
-47.04
-46.06
48.02
-45.08
-44.1
46.06
47.04
-43.12
-42.14
44.1
45.08
-41.16
-40.18
-39.2
43.12
-38.22
-37.24
-36.26
41.16
42.14
-35.28
-34.3
-33.32
-32.34
-31.36
39.2
40.18
-30.38
-29.4
-28.42
36.26
37.24
38.22
-27.44
-26.46
-25.48
32.34
33.32
34.3
35.28
-24.5
-23.52
27.44
28.42
29.4
30.38
31.36
-22.54
25.48
26.46
-21.56
-20.58
23.52
24.5
-19.6
22.54
-18.62
20.58
21.56
-17.64
-16.66
19.6
-16.66
18.62
-15.68
17.64
-15.68
16.66
17.64
-14.7
16.66
-13.72
15.68
-13.72
14.7
-12.74
14.7
-12.74
13.72
-11.76
12.74
-11.76
12.74
-10.78
11.76
-9.8
10.78
-8.82
-7.84
8.82
9.8
-6.86
-5.88
-4.9
-3.92
5.88
6.86
7.84
-42.14
-41.16
-40.18
-39.2
-38.22
-2.94
-1.96
-0.98
0
0.98
1.96
2.94
3.92
4.9
-48.02
-47.04
-46.06
-45.08
-44.1
-43.12
-37.24
-36.26
-35.28
-34.3
-33.32
-49.98
-49
-32.34
-31.36
-30.38
35.28
36.26
37.24
38.22
39.2
40.18
41.16
42.14
43.12
-51.94
-50.96
-49.98
-29.4
-28.42
33.32
34.3
44.1
45.08
46.06
47.04
48.02
49
49.98
-52.92
-51.94
-50.96
-27.44
-26.46
32.34
48.02
49
49.98
50.96
51.94
52.92
-52.92
-51.94
-25.48
30.38
31.36
49.98
50.96
51.94
52.92
53.9
-53.9
-52.92
-24.5
29.4
50.96
51.94
52.92
53.9
-53.9
-52.92
-24.5
27.44
28.42
51.94
52.92
53.9
-54.88
-53.9
-52.92
-23.52
26.46
51.94
52.92
53.9
-54.88
-53.9
-52.92
-23.52
24.5
25.48
52.92
53.9
-53.9
-52.92
-22.54
23.52
52.92
53.9
-53.9
-52.92
-22.54
22.54
52.92
53.9
-53.9
-52.92
-22.54
22.54
53.9
-52.92
-22.54
21.56
53.9
-52.92
-51.94
-22.54
21.56
52.92
53.9
-52.92
-51.94
-21.56
21.56
52.92
53.9
-51.94
-21.56
21.56
52.92
-51.94
-21.56
21.56
52.92
-51.94
-20.58
21.56
51.94
-51.94
-20.58
21.56
51.94
-50.96
-20.58
21.56
50.96
-50.96
-20.58
21.56
49.98
-50.96
-49.98
-20.58
21.56
49.98
-49.98
-49
-19.6
21.56
49
-49
-48.02
-19.6
21.56
48.02
49
-48.02
-47.04
-19.6
21.56
48.02
-47.04
-46.06
-19.6
21.56
47.04
48.02
-46.06
-20.58
21.56
47.04
-46.06
-45.08
-20.58
21.56
46.06
47.04
-45.08
-20.58
21.56
46.06
47.04
-45.08
-20.58
22.54
46.06
-45.08
-44.1
-21.56
22.54
45.08
46.06
-44.1
-22.54
22.54
45.08
-44.1
-43.12
-23.52
-22.54
23.52
44.1
-43.12
-42.14
-24.5
24.5
43.12
-42.14
-41.16
-40.18
-39.2
-27.44
-26.46
-25.48
25.48
42.14
-41.16
-40.18
-39.2
-38.22
-37.24
-36.26
-35.28
-34.3
-33.32
-32.34
-31.36
-30.38
-29.4
-28.42
25.48
26.46
40.18
41.16
-38.22
-37.24
-36.26
-35.28
-34.3
-33.32
-32.34
27.44
39.2
28.42
37.24
38.22
29.4
30.38
31.36
35.28
36.26
32.34
33.32
34.3
-19.6
-18.62
-17.64
-16.66
-15.68
-14.7
-13.72
-12.74
-11.76
-10.78
-9.8
-8.82
15.68
16.66
17.64
18.62
19.6
-23.52
-22.54
-21.56
-20.58
-7.84
-6.86
11.76
12.74
13.72
14.7
20.58
21.56
22.54
23.52
24.5
25.48
26.46
-25.48
-24.5
-5.88
9.8
10.78
27.44
28.42
29.4
-28.42
-27.44
-26.46
-4.9
8.82
30.38
31.36
-30.38
-29.4
-3.92
7.84
32.34
33.32
-32.34
-31.36
-2.94
6.86
34.3
-34.3
-33.32
-2.94
5.88
35.28
36.26
-36.26
-35.28
-1.96
4.9
37.24
-37.24
-1.96
4.9
38.22
-38.22
-1.96
3.92
39.2
40.18
-40.18
-39.2
-0.98
3.92
41.16
-41.16
-0.98
2.94
42.14
-42.14
0
0.98
1.96
43.12
-43.12
44.1
-44.1
45.08
-45.08
46.06
-46.06
46.06
-46.06
47.04
-47.04
48.02
-48.02
49
-48.02
49
-49
49.98
-49
49.98
-49.98
50.96
-50.96
50.96
-50.96
51.94
-51.94
51.94
-51.94
52.92
-51.94
52.92
-52.92
53.9
-52.92
53.9
-52.92
53.9
-52.92
54.88
-53.9
54.88
-53.9
54.88
-52.92
54.88
-52.92
54.88
-52.92
54.88
-52.92
54.88
-52.92
53.9
-52.92
53.9
-51.94
53.9
-51.94
53.9
-50.96
52.92
-50.96
51.94
-49.98
51.94
-49.98
50.96
-49
49.98
-48.02
-47.04
49
-46.06
47.04
48.02
-45.08
-44.1
46.06
-43.12
-42.14
-41.16
44.1
45.08
-40.18
-39.2
43.12
-38.22
-37.24
-36.26
-35.28
41.16
42.14
-34.3
-33.32
-32.34
-31.36
-30.38
40.18
-29.4
-28.42
-27.44
38.22
39.2
-26.46
-25.48
35.28
36.26
37.24
-24.5
29.4
30.38
31.36
32.34
33.32
34.3
-23.52
-22.54
26.46
27.44
28.42
-21.56
24.5
25.48
-20.58
23.52
-19.6
21.56
22.54
-18.62
20.58
-17.64
19.6
-16.66
18.62
-15.68
18.62
-15.68
17.64
-14.7
16.66
-14.7
15.68
-13.72
15.68
-13.72
14.7
-12.74
13.72
-11.76
12.74
-11.76
12.74
-10.78
11.76
-9.8
-8.82
10.78
-7.84
-6.86
8.82
9.8
-47.04
-46.06
-45.08
-44.1
-43.12
-42.14
-41.16
-40.18
-39.2
-38.22
-37.24
-36.26
-35.28
-34.3
-5.88
-4.9
-3.92
-2.94
-1.96
-0.98
0
0.98
1.96
2.94
3.92
4.9
5.88
6.86
7.84
-50.96
-49.98
-49
-48.02
-33.32
-32.34
-31.36
36.26
37.24
38.22
39.2
40.18
41.16
-52.92
-51.94
-50.96
-30.38
-29.4
34.3
35.28
42.14
43.12
44.1
45.08
46.06
47.04
48.02
49
49.98
50.96
51.94
52.92
53.9
54.88
-53.9
-52.92
-28.42
-27.44
32.34
33.32
50.96
51.94
52.92
53.9
54.88
55.86
-54.88
-53.9
-26.46
-25.48
31.36
53.9
54.88
55.86
56.84
-55.86
-54.88
-53.9
-24.5
29.4
30.38
54.88
55.86
56.84
-55.86
-54.88
-24.5
28.42
54.88
55.86
56.84
-55.86
-54.88
-23.52
26.46
27.44
54.88
55.86
56.84
-55.86
-23.52
25.48
54.88
55.86
56.84
-55.86
-22.54
24.5
54.88
55.86
-55.86
-54.88
-22.54
23.52
54.88
55.86
-55.86
-54.88
-22.54
22.54
54.88
55.86
-54.88
-21.56
21.56
54.88
-54.88
-53.9
-21.56
21.56
54.88
-53.9
-21.56
20.58
54.88
-53.9
-21.56
20.58
54.88
-53.9
-52.92
-21.56
20.58
53.9
-52.92
-20.58
20.58
53.9
-52.92
-20.58
21.56
52.92
-52.92
-20.58
21.56
52.92
-52.92
-51.94
-19.6
21.56
51.94
-51.94
-19.6
21.56
50.96
-51.94
-19.6
21.56
50.96
-51.94
-50.96
-19.6
21.56
49.98
-50.96
-49.98
-19.6
21.56
49.98
-49.98
-49
-19.6
21.56
49
49.98
-49
-48.02
-19.6
21.56
49
-48.02
-47.04
-19.6
21.56
48.02
49
-47.04
-19.6
21.56
48.02
49
-47.04
-46.06
-20.58
21.56
48.02
-46.06
-20.58
21.56
47.04
48.02
-46.06
-21.56
22.54
47.04
48.02
-45.08
-21.56
22.54
46.06
47.04
-45.08
-22.54
23.52
45.08
46.06
-44.1
-23.52
24.5
44.1
45.08
-44.1
-43.12
-25.48
-24.5
24.5
43.12
44.1
-43.12
-42.14
-27.44
-26.46
25.48
41.16
42.14
-41.16
-40.18
-39.2
-31.36
-30.38
-29.4
-28.42
26.46
40.18
-39.2
-38.22
-37.24
-36.26
-35.28
-34.3
-33.32
-32.34
-31.36
27.44
28.42
38.22
39.2
29.4
37.24
30.38
31.36
32.34
33.32
34.3
35.28
36.26
-16.66
-15.68
-14.7
-13.72
-12.74
-11.76
-10.78
-20.58
-19.6
-18.62
-17.64
-9.8
-8.82
-7.84
13.72
14.7
15.68
16.66
17.64
18.62
19.6
20.58
21.56
22.54
-23.52
-22.54
-21.56
-6.86
-5.88
10.78
11.76
12.74
23.52
24.5
25.48
26.46
27.44
-26.46
-25.48
-24.5
-4.9
9.8
28.42
29.4
-29.4
-28.42
-27.44
-3.92
7.84
8.82
30.38
31.36
-31.36
-30.38
-3.92
6.86
32.34
33.32
-33.32
-32.34
-2.94
5.88
34.3
35.28
-35.28
-34.3
-2.94
5.88
36.26
-36.26
-1.96
4.9
37.24
38.22
-38.22
-37.24
-1.96
3.92
39.2
-39.2
-0.98
3.92
40.18
-40.18
-0.98
2.94
41.16
-42.14
-41.16
0
0.98
1.96
42.14
-43.12
43.12
-44.1
44.1
-45.08
45.08
-46.06
46.06
-46.06
47.04
-47.04
48.02
-48.02
48.02
-48.02
49
-49
49.98
-49.98
49.98
-49.98
50.96
-50.96
50.96
-50.96
51.94
-51.94
51.94
-51.94
52.92
-51.94
52.92
-52.92
53.9
-52.92
53.9
-52.92
53.9
-53.9
54.88
-53.9
54.88
-53.9
54.88
-53.9
54.88
-53.9
54.88
-53.9
54.88
-52.92
54.88
-52.92
54.88
-52.92
54.88
-52.92
53.9
-51.94
53.9
-51.94
53.9
-50.96
52.92
-50.96
52.92
-49.98
51.94
-49
50.96
-48.02
49.98
-47.04
48.02
49
-46.06
-45.08
47.04
-44.1
-43.12
45.08
46.06
-42.14
-41.16
44.1
-40.18
-39.2
-38.22
43.12
-37.24
-36.26
-35.28
41.16
42.14
-34.3
-33.32
-32.34
-31.36
40.18
-30.38
-29.4
-28.42
39.2
-27.44
-26.46
36.26
37.24
38.22
-25.48
-24.5
33.32
34.3
35.28
-23.52
27.44
28.42
29.4
30.38
31.36
32.34
-22.54
25.48
26.46
-21.56
23.52
24.5
-20.58
22.54
-19.6
21.56
-18.62
20.58
-17.64
19.6
-16.66
19.6
-16.66
18.62
-15.68
17.64
-15.68
16.66
-14.7
15.68
-13.72
15.68
-13.72
14.7
-12.74
13.72
-11.76
12.74
-10.78
12.74
-9.8
11.76
-42.14
-41.16
-40.18
-39.2
-38.22
-37.24
-36.26
-8.82
9.8
10.78
-50.96
-49.98
-49
-48.02
-47.04
-46.06
-45.08
-44.1
-43.12
-35.28
-34.3
-33.32
-32.34
-7.84
-6.86
-5.88
7.84
8.82
-52.92
-51.94
-31.36
-30.38
-4.9
-3.92
-2.94
-1.96
-0.98
0
0.98
1.96
2.94
3.92
4.9
5.88
6.86
34.3
35.28
36.26
37.24
38.22
39.2
40.18
41.16
42.14
43.12
44.1
45.08
46.06
47.04
48.02
49
49.98
50.96
51.94
52.92
53.9
54.88
55.86
56.84
-54.88
-53.9
-29.4
-28.42
33.32
55.86
56.84
57.82
-55.86
-54.88
-27.44
-26.46
31.36
32.34
56.84
57.82
-56.84
-55.86
-25.48
30.38
57.82
58.8
-56.84
-24.5
29.4
57.82
58.8
-57.82
-56.84
-23.52
27.44
28.42
57.82
58.8
-57.82
-56.84
-22.54
26.46
57.82
-57.82
-56.84
-22.54
24.5
25.48
57.82
-56.84
-22.54
23.52
56.84
57.82
-56.84
-21.56
22.54
56.84
-56.84
-21.56
21.56
56.84
-55.86
-21.56
20.58
55.86
-55.86
-21.56
20.58
55.86
-55.86
-54.88
-20.58
20.58
55.86
-54.88
-20.58
20.58
54.88
-54.88
-20.58
20.58
54.88
-54.88
-53.9
-20.58
20.58
54.88
-53.9
-20.58
20.58
53.9
-53.9
-19.6
20.58
52.92
-53.9
-19.6
20.58
52.92
-53.9
-52.92
-19.6
20.58
51.94
-52.92
-19.6
20.58
51.94
-52.92
-19.6
20.58
50.96
-51.94
-19.6
20.58
50.96
-51.94
-50.96
-19.6
20.58
50.96
-50.96
-49.98
-19.6
20.58
49.98
-49.98
-49
-19.6
21.56
49.98
-49
-48.02
-19.6
21.56
49.98
-48.02
-19.6
21.56
49
49.98
-47.04
-20.58
21.56
49
49.98
-47.04
-20.58
22.54
49
-46.06
-21.56
22.54
48.02
49
-46.06
-22.54
23.52
47.04
48.02
-45.08
-22.54
23.52
46.06
47.04
-45.08
-24.5
-23.52
24.5
45.08
46.06
-44.1
-26.46
-25.48
25.48
43.12
44.1
45.08
-43.12
-42.14
-28.42
-27.44
26.46
41.16
42.14
-42.14
-41.16
-40.18
-30.38
-29.4
27.44
39.2
40.18
-39.2
-38.22
-37.24
-36.26
-35.28
-34.3
-33.32
-32.34
-31.36
28.42
38.22
29.4
30.38
31.36
35.28
36.26
37.24
32.34
33.32
34.3
-18.62
-17.64
-16.66
-15.68
-14.7
-13.72
-12.74
-11.76
-10.78
-9.8
-8.82
-21.56
-20.58
-19.6
-7.84
-6.86
12.74
13.72
14.7
15.68
16.66
17.64
18.62
19.6
20.58
21.56
22.54
23.52
24.5
-24.5
-23.52
-22.54
-5.88
10.78
11.76
25.48
26.46
27.44
28.42
-27.44
-26.46
-25.48
-4.9
8.82
9.8
29.4
30.38
-30.38
-29.4
-28.42
-3.92
7.84
31.36
32.34
-32.34
-31.36
-2.94
6.86
33.32
34.3
-34.3
-33.32
-2.94
5.88
35.28
-36.26
-35.28
-1.96
4.9
36.26
37.24
-37.24
-1.96
3.92
38.22
-39.2
-38.22
-0.98
3.92
39.2
-40.18
-0.98
2.94
40.18
41.16
-41.16
0
0.98
1.96
42.14
-42.14
43.12
-44.1
-43.12
44.1
-45.08
45.08
-45.08
46.06
-46.06
47.04
-47.04
48.02
-48.02
48.02
-48.02
49
-49
49.98
-49
49.98
-49.98
50.96
-50.96
50.96
-50.96
51.94
-51.94
51.94
-51.94
52.92
-51.94
52.92
-52.92
53.9
-52.92
53.9
-52.92
54.88
-53.9
54.88
-53.9
54.88
-53.9
54.88
-53.9
55.86
-53.9
55.86
-53.9
55.86
-53.9
55.86
-52.92
54.88
-52.92
54.88
-52.92
54.88
-52.92
54.88
-51.94
53.9
-51.94
53.9
-50.96
52.92
-49.98
52.92
-49.98
51.94
-49
50.96
-48.02
-47.04
49
49.98
-46.06
48.02
-45.08
-44.1
46.06
47.04
-43.12
-42.14
45.08
-41.16
-40.18
44.1
-39.2
-38.22
43.12
-37.24
-36.26
-35.28
42.14
-34.3
-33.32
-32.34
41.16
-31.36
-30.38
-29.4
-28.42
39.2
40.18
-27.44
-26.46
37.24
38.22
-25.48
-24.5
35.28
36.26
-23.52
29.4
30.38
31.36
32.34
33.32
34.3
-22.54
26.46
27.44
28.42
-21.56
24.5
25.48
-20.58
23.52
-19.6
22.54
-19.6
21.56
-18.62
20.58
-17.64
19.6
-17.64
18.62
-16.66
18.62
-15.68
17.64
-15.68
16.66
-14.7
15.68
-13.72
14.7
-13.72
14.7
-12.74
13.72
-11.76
12.74
-10.78
11.76
-50.96
-49.98
-49
-48.02
-47.04
-46.06
-45.08
-44.1
-43.12
-42.14
-41.16
-40.18
-39.2
-38.22
-37.24
-36.26
-35.28
-34.3
-33.32
-9.8
10.78
52.92
53.9
-53.9
-52.92
-51.94
-32.34
-31.36
-8.82
-7.84
8.82
9.8
35.28
36.26
37.24
38.22
39.2
40.18
41.16
42.14
43.12
44.1
45.08
46.06
47.04
48.02
49
49.98
50.96
51.94
52.92
53.9
54.88
55.86
56.84
57.82
-55.86
-54.88
-53.9
-30.38
-29.4
-6.86
-5.88
-4.9
-3.92
-2.94
-1.96
-0.98
0
0.98
1.96
2.94
3.92
4.9
5.88
6.86
7.84
33.32
34.3
57.82
58.8
-56.84
-55.86
-28.42
-27.44
31.36
32.34
58.8
59.78
-57.82
-56.84
-26.46
-25.48
30.38
58.8
59.78
-57.82
-24.5
29.4
59.78
-58.8
-57.82
-23.52
28.42
59.78
-58.8
-22.54
26.46
27.44
59.78
-58.8
-22.54
24.5
25.48
58.8
-58.8
-21.56
23.52
58.8
-57.82
-21.56
22.54
58.8
-57.82
-20.58
21.56
57.82
-57.82
-20.58
20.58
57.82
-56.84
-20.58
20.58
56.84
-56.84
-20.58
19.6
56.84
-56.84
-20.58
19.6
56.84
-55.86
-20.58
19.6
55.86
-55.86
-19.6
19.6
55.86
-55.86
-19.6
19.6
54.88
-54.88
-19.6
19.6
54.88
-54.88
-19.6
20.58
53.9
-54.88
-19.6
20.58
53.9
-54.88
-19.6
20.58
52.92
-54.88
-53.9
-19.6
20.58
52.92
-53.9
-19.6
20.58
51.94
-53.9
-52.92
-19.6
20.58
51.94
-52.92
-19.6
20.58
51.94
-52.92
-51.94
-19.6
20.58
50.96
-51.94
-50.96
-19.6
20.58
50.96
-49.98
-19.6
21.56
50.96
-49
-19.6
21.56
50.96
-48.02
-20.58
21.56
50.96
-48.02
-20.58
22.54
49.98
-47.04
-21.56
22.54
49.98
-47.04
-21.56
23.52
49
-46.06
-22.54
23.52
48.02
49
-46.06
-23.52
24.5
47.04
48.02
-45.08
-25.48
-24.5
25.48
46.06
47.04
-44.1
-27.44
-26.46
26.46
43.12
44.1
45.08
-43.12
-29.4
-28.42
27.44
40.18
41.16
42.14
-42.14
-41.16
-40.18
-31.36
-30.38
28.42
39.2
-39.2
-38.22
-37.24
-36.26
-35.28
-34.3
-33.32
-32.34
29.4
30.38
37.24
38.22
31.36
32.34
33.32
34.3
35.28
36.26
-13.72
-12.74
-19.6
-18.62
-17.64
-16.66
-15.68
-14.7
-11.76
-10.78
-9.8
-8.82
-7.84
14.7
15.68
16.66
17.64
18.62
19.6
-22.54
-21.56
-20.58
-6.86
11.76
12.74
13.72
20.58
21.56
22.54
23.52
24.5
25.48
-25.48
-24.5
-23.52
-5.88
-4.9
9.8
10.78
26.46
27.44
28.42
-28.42
-27.44
-26.46
-3.92
7.84
8.82
29.4
30.38
-31.36
-30.38
-29.4
-3.92
6.86
31.36
32.34
-33.32
-32.34
-2.94
5.88
33.32
34.3
-35.28
-34.3
-2.94
4.9
35.28
36.26
-36.26
-1.96
4.9
37.24
-38.22
-37.24
-1.96
3.92
38.22
39.2
-39.2
-0.98
2.94
40.18
-41.16
-40.18
0
1.96
41.16
-42.14
0.98
42.14
-43.12
43.12
44.1
-44.1
45.08
-45.08
46.06
-46.06
47.04
-47.04
47.04
-47.04
48.02
-48.02
49
-49
49
-49
49.98
-49.98
50.96
-49.98
50.96
-50.96
51.94
-50.96
51.94
-51.94
52.92
-51.94
52.92
-52.92
53.9
-52.92
53.9
-52.92
54.88
-53.9
54.88
-53.9
54.88
-53.9
55.86
-53.9
55.86
-53.9
55.86
-53.9
55.86
-53.9
55.86
-53.9
55.86
-53.9
55.86
-52.92
55.86
-52.92
54.88
-52.92
54.88
-51.94
54.88
-51.94
53.9
-50.96
53.9
-49.98
52.92
-49
51.94
-48.02
50.96
-47.04
49
49.98
-46.06
-45.08
48.02
-44.1
-43.12
46.06
47.04
-42.14
45.08
-41.16
-40.18
44.1
-39.2
-38.22
43.12
-37.24
-36.26
42.14
-35.28
-34.3
-33.32
41.16
-32.34
-31.36
-30.38
-29.4
40.18
-28.42
-27.44
38.22
39.2
-26.46
-25.48
36.26
37.24
-24.5
33.32
34.3
35.28
-23.52
28.42
29.4
30.38
31.36
32.34
-22.54
25.48
26.46
27.44
-21.56
24.5
-20.58
23.52
-19.6
22.54
-19.6
21.56
-18.62
20.58
-17.64
19.6
-17.64
18.62
-16.66
17.64
-15.68
17.64
-15.68
16.66
-14.7
15.68
-13.72
14.7
-12.74
14.7
-12.74
13.72
-50.96
-49.98
-49
-48.02
-47.04
-46.06
-45.08
-44.1
-43.12
-42.14
-41.16
-40.18
-39.2
-38.22
-37.24
-36.26
-35.28
-34.3
-11.76
12.74
-54.88
-53.9
-52.92
-51.94
-33.32
-32.34
-10.78
11.76
35.28
36.26
37.24
38.22
39.2
40.18
41.16
47.04
48.02
49
49.98
50.96
51.94
52.92
53.9
54.88
55.86
56.84
57.82
-56.84
-55.86
-54.88
-31.36
-30.38
-29.4
-9.8
-8.82
9.8
10.78
33.32
34.3
42.14
43.12
44.1
45.08
46.06
58.8
59.78
-57.82
-56.84
-28.42
-27.44
-7.84
-6.86
-5.88
7.84
8.82
31.36
32.34
59.78
-58.8
-57.82
-26.46
-4.9
-3.92
-2.94
-1.96
-0.98
0
0.98
1.96
2.94
3.92
4.9
5.88
6.86
30.38
60.76
-58.8
-25.48
-24.5
29.4
60.76
-58.8
-23.52
27.44
28.42
60.76
-59.78
-22.54
26.46
27.44
60.76
-59.78
-21.56
24.5
25.48
60.76
-59.78
-21.56
23.52
59.78
-58.8
-20.58
21.56
22.54
59.78
-58.8
-20.58
20.58
21.56
58.8
-58.8
-20.58
20.58
58.8
-58.8
-19.6
19.6
58.8
-57.82
-19.6
19.6
57.82
-57.82
-19.6
18.62
57.82
-56.84
-19.6
18.62
56.84
-56.84
-19.6
18.62
56.84
-56.84
-19.6
18.62
56.84
-56.84
-19.6
19.6
55.86
-55.86
-19.6
19.6
55.86
-55.86
-19.6
19.6
54.88
-55.86
-19.6
19.6
54.88
-55.86
-19.6
19.6
53.9
-55.86
-18.62
20.58
53.9
-54.88
-18.62
20.58
52.92
-54.88
-18.62
20.58
52.92
-54.88
-53.9
-18.62
20.58
52.92
-53.9
-18.62
20.58
51.94
-52.92
-19.6
20.58
51.94
-51.94
-50.96
-19.6
20.58
51.94
-50.96
-49.98
-19.6
21.56
51.94
-49.98
-49
-19.6
21.56
50.96
-49
-20.58
22.54
50.96
-48.02
-21.56
22.54
50.96
-47.04
-21.56
23.52
49.98
-47.04
-22.54
23.52
49.98
-47.04
-23.52
24.5
49
-46.06
-24.5
25.48
48.02
-45.08
-26.46
-25.48
26.46
46.06
47.04
-44.1
-28.42
-27.44
27.44
43.12
44.1
45.08
-43.12
-42.14
-30.38
-29.4
27.44
28.42
40.18
41.16
42.14
-41.16
-40.18
-39.2
-32.34
-31.36
29.4
38.22
39.2
-38.22
-37.24
-36.26
-35.28
-34.3
-33.32
30.38
31.36
32.34
33.32
34.3
35.28
36.26
37.24
-15.68
-14.7
-13.72
-12.74
-11.76
-10.78
-19.6
-18.62
-17.64
-16.66
-9.8
-8.82
-7.84
13.72
14.7
15.68
16.66
17.64
18.62
19.6
20.58
21.56
-23.52
-22.54
-21.56
-20.58
-6.86
-5.88
10.78
11.76
12.74
22.54
23.52
24.5
25.48
26.46
-26.46
-25.48
-24.5
-4.9
8.82
9.8
27.44
28.42
29.4
-29.4
-28.42
-27.44
-3.92
7.84
30.38
31.36
-32.34
-31.36
-30.38
-2.94
6.86
32.34
33.32
-34.3
-33.32
-2.94
5.88
34.3
-36.26
-35.28
-1.96
4.9
35.28
36.26
-37.24
-1.96
3.92
37.24
38.22
-39.2
-38.22
-0.98
2.94
39.2
-40.18
0
1.96
40.18
41.16
-41.16
0.98
42.14
-43.12
-42.14
43.12
-44.1
44.1
-45.08
45.08
-46.06
46.06
-46.06
47.04
-47.04
48.02
-48.02
49
-49
49
-49
49.98
-49.98
49.98
-49.98
50.96
-50.96
51.94
-50.96
51.94
-51.94
52.92
-51.94
52.92
-52.92
53.9
-52.92
53.9
-52.92
54.88
-53.9
54.88
-53.9
54.88
-53.9
55.86
-53.9
55.86
-53.9
55.86
-53.9
55.86
-53.9
55.86
-53.9
55.86
-53.9
55.86
-53.9
55.86
-52.92
55.86
-52.92
55.86
-52.92
54.88
-51.94
54.88
-51.94
53.9
-50.96
53.9
-49.98
52.92
-49
51.94
-48.02
50.96
-47.04
-46.06
49
49.98
-45.08
-44.1
48.02
-43.12
46.06
47.04
-42.14
45.08
-41.16
-40.18
44.1
-39.2
43.12
-38.22
-37.24
42.14
-36.26
-35.28
-34.3
41.16
-33.32
-32.34
-31.36
40.18
-30.38
-29.4
-28.42
39.2
-27.44
-26.46
37.24
38.22
-25.48
-24.5
34.3
35.28
36.26
-23.52
30.38
31.36
32.34
33.32
-22.54
26.46
27.44
28.42
29.4
-21.56
24.5
25.48
-20.58
23.52
-20.58
22.54
-19.6
21.56
-18.62
20.58
-18.62
20.58
-17.64
19.6
-16.66
18.62
-16.66
17.64
-15.68
16.66
-14.7
16.66
-14.7
15.68
-13.72
14.7
-52.92
-51.94
-50.96
-49.98
-49
-48.02
-47.04
-46.06
-45.08
-44.1
-43.12
-42.14
-41.16
-40.18
-39.2
-38.22
-37.24
-36.26
-35.28
-34.3
-12.74
13.72
-55.86
-54.88
-53.9
-52.92
-51.94
-33.32
-32.34
-11.76
13.72
34.3
35.28
36.26
37.24
38.22
39.2
40.18
48.02
49
49.98
50.96
51.94
52.92
53.9
54.88
55.86
56.84
57.82
58.8
-57.82
-56.84
-55.86
-31.36
-30.38
-11.76
-10.78
12.74
32.34
33.32
34.3
41.16
42.14
43.12
44.1
45.08
46.06
47.04
58.8
59.78
-58.8
-57.82
-29.4
-28.42
-9.8
10.78
11.76
31.36
32.34
60.76
-59.78
-58.8
-27.44
-26.46
-8.82
-7.84
8.82
9.8
30.38
60.76
-59.78
-25.48
-24.5
-6.86
-5.88
-4.9
-3.92
-2.94
-1.96
-0.98
0
0.98
1.96
2.94
3.92
4.9
5.88
6.86
7.84
28.42
29.4
61.74
-59.78
-23.52
27.44
28.42
61.74
-59.78
-22.54
25.48
26.46
61.74
-59.78
-21.56
23.52
24.5
25.48
61.74
-59.78
-20.58
22.54
23.52
61.74
-59.78
-20.58
21.56
22.54
60.76
-59.78
-19.6
20.58
60.76
-59.78
-19.6
19.6
59.78
-58.8
-19.6
19.6
59.78
-58.8
-18.62
18.62
58.8
-58.8
-18.62
18.62
58.8
-57.82
-18.62
18.62
57.82
-57.82
-18.62
18.62
57.82
-57.82
-18.62
18.62
57.82
-57.82
-18.62
18.62
57.82
-56.84
-18.62
18.62
56.84
-56.84
-18.62
18.62
56.84
-56.84
-18.62
19.6
55.86
-56.84
-18.62
19.6
55.86
-56.84
-18.62
19.6
54.88
-56.84
-18.62
19.6
54.88
-55.86
-18.62
19.6
53.9
-55.86
-18.62
20.58
53.9
-55.86
-18.62
20.58
52.92
-54.88
-18.62
20.58
52.92
-53.9
-19.6
20.58
52.92
-52.92
-19.6
20.58
52.92
-51.94
-19.6
21.56
52.92
-50.96
-19.6
21.56
51.94
-49.98
-20.58
22.54
51.94
-49
-21.56
22.54
50.96
-48.02
-21.56
23.52
50.96
-48.02
-22.54
24.5
49.98
-47.04
-23.52
24.5
49.98
-47.04
-24.5
25.48
49
-46.06
-26.46
-25.48
26.46
48.02
-45.08
-27.44
26.46
46.06
47.04
-44.1
-43.12
-29.4
-28.42
27.44
42.14
43.12
44.1
45.08
-42.14
-41.16
-31.36
-30.38
28.42
29.4
39.2
40.18
41.16
-40.18
-39.2
-38.22
-37.24
-36.26
-35.28
-34.3
-33.32
-32.34
30.38
31.36
36.26
37.24
38.22
32.34
33.32
34.3
35.28
-16.66
-15.68
-14.7
-13.72
-12.74
-11.76
-10.78
-9.8
-20.58
-19.6
-18.62
-17.64
-8.82
-7.84
-6.86
12.74
13.72
14.7
15.68
16.66
17.64
18.62
19.6
20.58
21.56
22.54
23.52
-24.5
-23.52
-22.54
-21.56
-5.88
9.8
10.78
11.76
24.5
25.48
26.46
-27.44
-26.46
-25.48
-4.9
8.82
27.44
28.42
29.4
-30.38
-29.4
-28.42
-3.92
7.84
30.38
31.36
-33.32
-32.34
-31.36
-2.94
5.88
6.86
32.34
33.32
-35.28
-34.3
-2.94
4.9
34.3
35.28
-36.26
-1.96
4.9
36.26
37.24
-38.22
-37.24
-1.96
3.92
38.22
-39.2
-0.98
2.94
39.2
40.18
-41.16
-40.18
0
0.98
1.96
41.16
-42.14
42.14
43.12
-43.12
44.1
-44.1
45.08
-45.08
46.06
-46.06
47.04
-47.04
47.04
-48.02
48.02
-48.02
49
-49
49.98
-49.98
49.98
-49.98
50.96
-50.96
50.96
-50.96
51.94
-51.94
51.94
-51.94
52.92
-51.94
52.92
-52.92
53.9
-52.92
53.9
-53.9
54.88
-53.9
54.88
-53.9
55.86
-53.9
55.86
-53.9
55.86
-53.9
55.86
-53.9
55.86
-53.9
55.86
-53.9
55.86
-53.9
55.86
-53.9
55.86
-53.9
55.86
-52.92
55.86
-52.92
55.86
-51.94
54.88
-51.94
54.88
-50.96
53.9
-49.98
52.92
-49
51.94
52.92
-48.02
-47.04
50.96
-46.06
-45.08
-1.96
-0.98
0
0.98
49
49.98
-44.1
-0.98
0
48.02
-43.12
46.06
47.04
-42.14
45.08
-41.16
-40.18
44.1
-39.2
43.12
-38.22
-37.24
42.14
-36.26
-35.28
42.14
-34.3
-33.32
40.18
41.16
-32.34
-31.36
-30.38
39.2
-29.4
-28.42
-27.44
37.24
38.22
-26.46
-25.48
35.28
36.26
-24.5
31.36
32.34
33.32
34.3
-23.52
28.42
29.4
30.38
-22.54
25.48
26.46
27.44
-21.56
24.5
-20.58
23.52
-19.6
22.54
-19.6
21.56
-18.62
20.58
-18.62
19.6
-17.64
18.62
-16.66
18.62
-16.66
17.64
-15.68
16.66
-14.7
15.68
-54.88
-53.9
-52.92
-51.94
-50.96
-49.98
-49
-48.02
-47.04
-46.06
-45.08
-42.14
-41.16
-40.18
-39.2
-38.22
-37.24
-36.26
-35.28
-34.3
-13.72
15.68
-57.82
-56.84
-55.86
-54.88
-53.9
-44.1
-43.12
-33.32
-32.34
-13.72
14.7
33.32
34.3
35.28
36.26
37.24
38.22
39.2
40.18
49
49.98
50.96
51.94
52.92
53.9
54.88
55.86
56.84
57.82
58.8
-59.78
-58.8
-57.82
-56.84
-31.36
-30.38
-12.74
13.72
32.34
33.32
41.16
42.14
43.12
44.1
45.08
46.06
47.04
48.02
59.78
60.76
-59.78
-58.8
-29.4
-11.76
12.74
30.38
31.36
60.76
-60.76
-59.78
-28.42
-27.44
-10.78
11.76
29.4
30.38
61.74
-60.76
-26.46
-25.48
-9.8
-8.82
9.8
10.78
27.44
28.42
29.4
61.74
-60.76
-24.5
-23.52
-7.84
-6.86
-5.88
-4.9
-3.92
5.88
6.86
7.84
8.82
26.46
27.44
62.72
-60.76
-22.54
-2.94
-1.96
-0.98
0
0.98
1.96
2.94
3.92
4.9
24.5
25.48
26.46
62.72
-60.76
-21.56
23.52
24.5
62.72
-60.76
-20.58
22.54
61.74
-60.76
-19.6
21.56
61.74
-60.76
-19.6
20.58
61.74
-60.76
-18.62
19.6
60.76
-59.78
-18.62
18.62
60.76
-59.78
-18.62
18.62
59.78
-59.78
-18.62
18.62
59.78
-58.8
-17.64
17.64
59.78
-58.8
-17.64
17.64
58.8
-58.8
-17.64
17.64
58.8
-58.8
-18.62
17.64
58.8
-57.82
-18.62
17.64
57.82
-57.82
-18.62
17.64
57.82
-57.82
-18.62
18.62
57.82
-57.82
-18.62
18.62
56.84
-57.82
-18.62
18.62
56.84
-57.82
-18.62
19.6
55.86
-56.84
-18.62
19.6
55.86
-56.84
-18.62
19.6
54.88
-56.84
-18.62
20.58
54.88
-55.86
-18.62
20.58
53.9
-55.86
-18.62
20.58
53.9
-54.88
-19.6
20.58
53.9
-53.9
-19.6
21.56
53.9
-52.92
-19.6
21.56
52.92
-51.94
-20.58
21.56
52.92
-50.96
-20.58
22.54
52.92
-49.98
-21.56
22.54
51.94
-49
-21.56
23.52
51.94
-48.02
-22.54
24.5
50.96
-48.02
-23.52
24.5
49.98
-47.04
-24.5
25.48
49.98
-47.04
-26.46
-25.48
26.46
49
-46.06
-27.44
27.44
47.04
48.02
-45.08
-44.1
-29.4
-28.42
27.44
45.08
46.06
-43.12
-42.14
-31.36
-30.38
28.42
41.16
42.14
43.12
44.1
-41.16
-40.18
-39.2
-34.3
-33.32
-32.34
29.4
30.38
38.22
39.2
40.18
-38.22
-37.24
-36.26
-35.28
31.36
32.34
33.32
34.3
35.28
36.26
37.24
-17.64
-16.66
-15.68
-14.7
-13.72
-12.74
-11.76
-10.78
-9.8
-8.82
14.7
15.68
16.66
17.64
18.62
-21.56
-20.58
-19.6
-18.62
-7.84
-6.86
11.76
12.74
13.72
19.6
20.58
21.56
22.54
23.52
-25.48
-24.5
-23.52
-22.54
-5.88
9.8
10.78
24.5
25.48
26.46
27.44
-29.4
-28.42
-27.44
-26.46
-4.9
7.84
8.82
28.42
29.4
-31.36
-30.38
-3.92
6.86
30.38
31.36
32.34
-34.3
-33.32
-32.34
-2.94
5.88
33.32
34.3
-35.28
-2.94
4.9
35.28
-37.24
-36.26
-1.96
3.92
36.26
37.24
-39.2
-38.22
-0.98
2.94
38.22
39.2
-40.18
0
1.96
40.18
-41.16
0.98
41.16
42.14
-43.12
-42.14
43.12
-44.1
44.1
-45.08
45.08
-46.06
46.06
-46.06
47.04
-47.04
48.02
-48.02
48.02
-49
49
-49
49.98
-49.98
49.98
-49.98
50.96
-50.96
51.94
-50.96
51.94
-51.94
52.92
-51.94
52.92
-52.92
53.9
-52.92
53.9
-52.92
54.88
-53.9
54.88
-53.9
54.88
-53.9
55.86
-53.9
55.86
-54.88
55.86
-54.88
55.86
-54.88
55.86
-53.9
56.84
-53.9
56.84
-53.9
55.86
-53.9
55.86
-53.9
55.86
-52.92
55.86
-52.92
55.86
-51.94
54.88
-51.94
54.88
-50.96
53.9
-49.98
53.9
-49
-48.02
52.92
-47.04
-1.96
-0.98
0
0.98
50.96
51.94
-46.06
-45.08
-2.94
1.96
49
49.98
-44.1
-1.96
0.98
1.96
48.02
-43.12
-0.98
0
0.98
46.06
47.04
-42.14
45.08
-41.16
44.1
-40.18
-39.2
44.1
-38.22
43.12
-37.24
-36.26
42.14
-35.28
-34.3
41.16
-33.32
-32.34
-31.36
39.2
40.18
-30.38
-29.4
-28.42
38.22
-27.44
-26.46
35.28
36.26
37.24
-25.48
-24.5
33.32
34.3
-23.52
29.4
30.38
31.36
32.34
-22.54
26.46
27.44
28.42
-21.56
24.5
25.48
-20.58
23.52
-20.58
22.54
-19.6
21.56
-18.62
20.58
-18.62
19.6
-17.64
19.6
-17.64
18.62
-16.66
17.64
-15.68
16.66
-57.82
-56.84
-55.86
-54.88
-53.9
-52.92
-51.94
-50.96
-49.98
-49
-48.02
-47.04
-46.06
-45.08
-44.1
-43.12
-42.14
-41.16
-40.18
-39.2
-38.22
-37.24
-36.26
-35.28
-34.3
-33.32
-15.68
16.66
35.28
36.26
37.24
38.22
-59.78
-58.8
-57.82
-56.84
-55.86
-44.1
-43.12
-33.32
-32.34
-14.7
15.68
32.34
33.32
34.3
35.28
36.26
37.24
38.22
39.2
40.18
41.16
48.02
49
49.98
50.96
51.94
52.92
53.9
54.88
55.86
56.84
57.82
58.8
-60.76
-59.78
-58.8
-31.36
-30.38
-13.72
14.7
31.36
32.34
41.16
42.14
43.12
44.1
45.08
46.06
47.04
48.02
59.78
60.76
-61.74
-60.76
-29.4
-12.74
14.7
29.4
30.38
31.36
61.74
-61.74
-60.76
-28.42
-27.44
-12.74
13.72
28.42
29.4
61.74
62.72
-61.74
-26.46
-25.48
-11.76
-10.78
11.76
12.74
26.46
27.44
28.42
62.72
-61.74
-24.5
-23.52
-9.8
10.78
25.48
26.46
62.72
-61.74
-22.54
-21.56
-8.82
-7.84
-6.86
7.84
8.82
9.8
23.52
24.5
25.48
62.72
-61.74
-21.56
-20.58
-5.88
-4.9
-3.92
-2.94
-1.96
-0.98
0
0.98
1.96
2.94
3.92
4.9
5.88
6.86
22.54
23.52
62.72
-61.74
-20.58
21.56
22.54
62.72
-61.74
-19.6
20.58
21.56
62.72
-61.74
-18.62
19.6
20.58
62.72
-60.76
-18.62
19.6
61.74
-60.76
-17.64
18.62
61.74
-60.76
-17.64
18.62
61.74
-60.76
-17.64
17.64
60.76
-59.78
-17.64
17.64
60.76
-59.78
-17.64
17.64
59.78
-59.78
-17.64
17.64
59.78
-59.78
-17.64
16.66
59.78
-58.8
-17.64
16.66
58.8
-58.8
-17.64
17.64
58.8
-58.8
-17.64
17.64
58.8
-58.8
-18.62
17.64
58.8
-58.8
-18.62
18.62
57.82
-58.8
-18.62
18.62
57.82
-57.82
-18.62
18.62
56.84
-57.82
-18.62
19.6
56.84
-57.82
-19.6
19.6
55.86
-57.82
-19.6
19.6
55.86
-56.84
-19.6
20.58
54.88
-56.84
-19.6
20.58
54.88
-55.86
-19.6
20.58
54.88
-54.88
-19.6
21.56
53.9
-53.9
-19.6
21.56
53.9
-52.92
-20.58
22.54
53.9
-51.94
-20.58
22.54
52.92
-50.96
-21.56
23.52
52.92
-49.98
-22.54
23.52
51.94
-49
-22.54
24.5
51.94
-49
-23.52
25.48
50.96
-48.02
-24.5
25.48
49.98
-47.04
-26.46
-25.48
26.46
49
-47.04
-27.44
27.44
48.02
-46.06
-45.08
-29.4
-28.42
27.44
47.04
-44.1
-43.12
-31.36
-30.38
28.42
43.12
44.1
45.08
46.06
-42.14
-41.16
-34.3
-33.32
-32.34
29.4
30.38
39.2
40.18
41.16
42.14
-40.18
-39.2
-38.22
-37.24
-36.26
-35.28
31.36
32.34
33.32
34.3
35.28
36.26
37.24
38.22
-18.62
-17.64
-16.66
-15.68
-14.7
-13.72
-12.74
-11.76
-10.78
-9.8
-8.82
13.72
14.7
15.68
16.66
17.64
18.62
19.6
20.58
-22.54
-21.56
-20.58
-19.6
-7.84
-6.86
10.78
11.76
12.74
21.56
22.54
23.52
24.5
-26.46
-25.48
-24.5
-23.52
-5.88
-4.9
8.82
9.8
25.48
26.46
27.44
-30.38
-29.4
-28.42
-27.44
-4.9
7.84
28.42
29.4
30.38
-32.34
-31.36
-3.92
6.86
31.36
32.34
-34.3
-33.32
-2.94
5.88
33.32
34.3
-36.26
-35.28
-2.94
4.9
35.28
36.26
-38.22
-37.24
-1.96
3.92
37.24
38.22
-39.2
-0.98
2.94
39.2
-41.16
-40.18
0
0.98
1.96
40.18
41.16
-42.14
42.14
-43.12
43.12
-44.1
44.1
-45.08
45.08
-46.06
46.06
-47.04
47.04
-48.02
48.02
-48.02
49
-49
49
-49
49.98
-49.98
50.96
-50.96
50.96
-50.96
51.94
-50.96
51.94
-51.94
52.92
-51.94
52.92
-52.92
53.9
-52.92
53.9
-52.92
54.88
-53.9
54.88
-53.9
55.86
-53.9
55.86
-53.9
55.86
-54.88
55.86
-54.88
55.86
-54.88
56.84
-53.9
56.84
-53.9
56.84
-53.9
55.86
-53.9
55.86
-53.9
55.86
-52.92
55.86
-52.92
55.86
-52.92
54.88
-51.94
54.88
-50.96
54.88
-49.98
53.9
-49
-48.02
-1.96
-0.98
0
0.98
52.92
-47.04
-2.94
1.96
2.94
51.94
-46.06
-45.08
-3.92
2.94
49.98
50.96
-44.1
-2.94
2.94
48.02
49
-43.12
-1.96
-0.98
1.96
47.04
-42.14
0
0.98
46.06
-41.16
45.08
-40.18
44.1
-39.2
43.12
-38.22
-37.24
42.14
-36.26
-35.28
41.16
-34.3
-33.32
40.18
-32.34
-31.36
-30.38
38.22
39.2
-29.4
-28.42
-27.44
36.26
37.24
-26.46
-25.48
34.3
35.28
-24.5
-23.52
30.38
31.36
32.34
33.32
-22.54
27.44
28.42
29.4
-21.56
25.48
26.46
-20.58
23.52
24.5
-20.58
22.54
-19.6
21.56
-19.6
20.58
-18.62
19.6
-17.64
19.6
-17.64
18.62
-52.92
-51.94
-50.96
-39.2
-38.22
-37.24
-36.26
-35.28
-16.66
17.64
-58.8
-57.82
-56.84
-55.86
-54.88
-53.9
-52.92
-51.94
-50.96
-49.98
-49
-48.02
-47.04
-46.06
-45.08
-44.1
-43.12
-42.14
-41.16
-40.18
-39.2
-38.22
-37.24
-36.26
-35.28
-34.3
-33.32
-32.34
-16.66
17.64
33.32
34.3
35.28
36.26
37.24
38.22
39.2
-60.76
-59.78
-58.8
-32.34
-31.36
-15.68
16.66
31.36
32.34
33.32
34.3
39.2
40.18
41.16
42.14
43.12
46.06
47.04
48.02
49
49.98
50.96
51.94
52.92
53.9
54.88
55.86
56.84
57.82
58.8
59.78
-61.74
-60.76
-31.36
-30.38
-14.7
15.68
30.38
31.36
42.14
43.12
44.1
45.08
46.06
47.04
59.78
60.76
-62.72
-61.74
-29.4
-28.42
-14.7
15.68
29.4
30.38
61.74
-62.72
-28.42
-27.44
-26.46
-13.72
14.7
27.44
28.42
62.72
-62.72
-26.46
-25.48
-24.5
-12.74
13.72
26.46
27.44
62.72
-62.72
-24.5
-23.52
-11.76
12.74
24.5
25.48
63.7
-62.72
-22.54
-21.56
-10.78
-9.8
10.78
11.76
23.52
24.5
63.7
-62.72
-20.58
-8.82
-7.84
8.82
9.8
22.54
63.7
-62.72
-19.6
-6.86
-5.88
-4.9
-3.92
-2.94
-1.96
-0.98
0
0.98
1.96
2.94
3.92
4.9
5.88
6.86
7.84
21.56
63.7
-62.72
-19.6
20.58
63.7
-61.74
-18.62
19.6
63.7
-61.74
-17.64
19.6
62.72
-61.74
-17.64
18.62
62.72
-61.74
-17.64
18.62
62.72
-60.76
-16.66
17.64
61.74
-60.76
-16.66
17.64
61.74
-60.76
-16.66
17.64
60.76
-60.76
-16.66
16.66
60.76
-59.78
-16.66
16.66
60.76
-59.78
-16.66
16.66
59.78
-59.78
-16.66
16.66
59.78
-59.78
-16.66
16.66
59.78
-59.78
-17.64
16.66
59.78
-59.78
-17.64
17.64
58.8
-58.8
-18.62
-2.94
-1.96
-0.98
0
0.98
1.96
2.94
3.92
4.9
17.64
58.8
-58.8
-18.62
-2.94
-1.96
-0.98
0
0.98
1.96
2.94
3.92
4.9
5.88
18.62
58.8
-58.8
-18.62
-1.96
-0.98
0
0.98
1.96
2.94
3.92
4.9
5.88
18.62
57.82
-58.8
-19.6
19.6
57.82
-57.82
-19.6
19.6
56.84
-57.82
-19.6
20.58
56.84
-57.82
-19.6
20.58
55.86
-56.84
-19.6
20.58
55.86
-55.86
-19.6
21.56
55.86
-55.86
-19.6
21.56
54.88
-54.88
-19.6
22.54
54.88
-53.9
-52.92
-20.58
22.54
53.9
-51.94
-20.58
23.52
53.9
-50.96
-21.56
23.52
52.92
-49.98
-22.54
24.5
52.92
-49.98
-23.52
24.5
51.94
-49
-24.5
25.48
50.96
-49
-25.48
26.46
50.96
-48.02
-26.46
26.46
49.98
-47.04
-28.42
-27.44
27.44
49
-46.06
-30.38
-29.4
27.44
48.02
-45.08
-44.1
-31.36
28.42
45.08
46.06
47.04
-43.12
-42.14
-41.16
-34.3
-33.32
-32.34
29.4
30.38
40.18
41.16
42.14
43.12
44.1
-40.18
-39.2
-38.22
-37.24
-36.26
-35.28
31.36
32.34
33.32
34.3
35.28
36.26
37.24
38.22
39.2
-12.74
-19.6
-18.62
-17.64
-16.66
-15.68
-14.7
-13.72
-11.76
-10.78
-9.8
-8.82
-7.84
12.74
13.72
14.7
15.68
16.66
17.64
18.62
19.6
20.58
-23.52
-22.54
-21.56
-20.58
-6.86
10.78
11.76
21.56
22.54
23.52
24.5
-28.42
-27.44
-26.46
-25.48
-24.5
-5.88
-4.9
8.82
9.8
25.48
26.46
27.44
-31.36
-30.38
-29.4
-4.9
6.86
7.84
28.42
29.4
30.38
-33.32
-32.34
-3.92
5.88
31.36
32.34
-35.28
-34.3
-2.94
4.9
33.32
34.3
-37.24
-36.26
-2.94
3.92
35.28
36.26
-38.22
-1.96
2.94
37.24
38.22
-40.18
-39.2
-0.98
1.96
39.2
40.18
-41.16
0
0.98
41.16
-42.14
42.14
-43.12
43.12
44.1
-44.1
45.08
-45.08
45.08
-46.06
46.06
-47.04
47.04
-48.02
48.02
-48.02
49
-49
49
-49.98
49.98
-49.98
50.96
-50.96
50.96
-50.96
51.94
-51.94
51.94
-51.94
52.92
-51.94
52.92
-52.92
53.9
-52.92
53.9
-52.92
54.88
-53.9
54.88
-53.9
55.86
-53.9
55.86
-53.9
55.86
-53.9
55.86
-53.9
55.86
-53.9
56.84
-53.9
56.84
-53.9
56.84
-53.9
55.86
-53.9
55.86
-53.9
55.86
-52.92
55.86
-52.92
55.86
-52.92
55.86
-51.94
54.88
-51.94
54.88
-50.96
-49.98
53.9
-49
-2.94
-1.96
-0.98
0
0.98
1.96
2.94
53.9
-48.02
-47.04
-3.92
3.92
51.94
52.92
-46.06
-45.08
-3.92
3.92
49.98
50.96
-44.1
-3.92
3.92
48.02
49
-43.12
-2.94
2.94
47.04
-42.14
-1.96
-0.98
0
0.98
1.96
46.06
-41.16
45.08
-40.18
44.1
-39.2
43.12
-38.22
43.12
-37.24
-36.26
42.14
-35.28
-34.3
41.16
-33.32
-32.34
39.2
40.18
-31.36
-30.38
-29.4
37.24
38.22
-28.42
-27.44
-26.46
35.28
36.26
-25.48
-24.5
32.34
33.32
34.3
-23.52
28.42
29.4
30.38
31.36
-22.54
-21.56
25.48
26.46
27.44
-20.58
23.52
24.5
-20.58
22.54
-19.6
21.56
-19.6
20.58
-18.62
19.6
-17.64
19.6
-55.86
-54.88
-53.9
-52.92
-51.94
-50.96
-49.98
-49
-41.16
-40.18
-39.2
-38.22
-37.24
-36.26
-35.28
-34.3
-33.32
-17.64
18.62
34.3
35.28
36.26
37.24
38.22
39.2
-59.78
-58.8
-57.82
-56.84
-55.86
-54.88
-53.9
-49.98
-49
-48.02
-47.04
-46.06
-45.08
-44.1
-43.12
-42.14
-41.16
-40.18
-34.3
-33.32
-32.34
-31.36
-16.66
18.62
32.34
33.32
34.3
35.28
36.26
37.24
38.22
39.2
40.18
41.16
42.14
49.98
50.96
51.94
52.92
53.9
54.88
55.86
56.84
-61.74
-60.76
-59.78
-31.36
-30.38
-16.66
17.64
30.38
31.36
32.34
40.18
41.16
42.14
43.12
44.1
45.08
46.06
47.04
48.02
49
49.98
50.96
51.94
52.92
53.9
54.88
55.86
56.84
57.82
58.8
59.78
-62.72
-61.74
-30.38
-29.4
-15.68
16.66
29.4
30.38
44.1
45.08
60.76
61.74
-62.72
-29.4
-28.42
-27.44
-15.68
16.66
28.42
29.4
61.74
62.72
-63.7
-27.44
-26.46
-14.7
15.68
26.46
27.44
28.42
62.72
-63.7
-25.48
-24.5
-13.72
14.7
25.48
26.46
63.7
-63.7
-23.52
-22.54
-13.72
14.7
23.52
24.5
25.48
63.7
-63.7
-22.54
-21.56
-12.74
-11.76
12.74
13.72
22.54
23.52
63.7
-63.7
-20.58
-10.78
11.76
21.56
22.54
63.7
-63.7
-19.6
-9.8
-8.82
9.8
10.78
20.58
21.56
63.7
-62.72
-18.62
-7.84
-6.86
-5.88
-4.9
-3.92
-2.94
-1.96
-0.98
0
0.98
1.96
2.94
3.92
4.9
5.88
6.86
7.84
8.82
20.58
63.7
-62.72
-18.62
19.6
63.7
-62.72
-17.64
18.62
63.7
-62.72
-17.64
18.62
63.7
-61.74
-16.66
17.64
62.72
-61.74
-16.66
17.64
62.72
-61.74
-16.66
17.64
62.72
-61.74
-15.68
16.66
61.74
-60.76
-15.68
16.66
61.74
-60.76
-15.68
16.66
60.76
-60.76
-15.68
16.66
60.76
-60.76
-15.68
16.66
60.76
-60.76
-15.68
16.66
60.76
-59.78
-16.66
16.66
60.76
-59.78
-16.66
16.66
59.78
-59.78
-17.64
-1.96
-0.98
0
0.98
1.96
2.94
3.92
4.9
16.66
59.78
-59.78
-17.64
-3.92
-2.94
5.88
6.86
17.64
59.78
-59.78
-18.62
-3.92
6.86
17.64
58.8
-59.78
-18.62
-3.92
-2.94
6.86
18.62
58.8
-58.8
-19.6
-1.96
-0.98
0
0.98
1.96
2.94
3.92
4.9
5.88
6.86
18.62
57.82
-58.8
-19.6
19.6
57.82
-58.8
-19.6
20.58
57.82
-57.82
-19.6
20.58
56.84
-57.82
-19.6
21.56
56.84
-56.84
-19.6
21.56
55.86
-55.86
-20.58
21.56
55.86
-54.88
-20.58
22.54
55.86
-53.9
-20.58
22.54
54.88
-52.92
-21.56
23.52
53.9
-51.94
-22.54
24.5
53.9
-50.96
-22.54
24.5
52.92
-49.98
-23.52
25.48
52.92
-49.98
-24.5
25.48
51.94
-49
-26.46
-25.48
26.46
50.96
-49
-27.44
26.46
49.98
-48.02
-29.4
-28.42
27.44
49
-47.04
-30.38
28.42
48.02
49
-46.06
-45.08
-32.34
-31.36
28.42
29.4
46.06
47.04
-44.1
-43.12
-42.14
-34.3
-33.32
30.38
42.14
43.12
44.1
45.08
-41.16
-40.18
-39.2
-38.22
-37.24
-36.26
-35.28
31.36
32.34
33.32
34.3
37.24
38.22
39.2
40.18
41.16
35.28
36.26
-13.72
-12.74
-11.76
-19.6
-18.62
-17.64
-16.66
-15.68
-14.7
-10.78
-9.8
-8.82
-7.84
12.74
13.72
14.7
15.68
16.66
17.64
18.62
19.6
20.58
21.56
-24.5
-23.52
-22.54
-21.56
-20.58
-6.86
9.8
10.78
11.76
22.54
23.52
24.5
25.48
-28.42
-27.44
-26.46
-25.48
-5.88
8.82
26.46
27.44
28.42
-31.36
-30.38
-29.4
-4.9
6.86
7.84
29.4
30.38
-33.32
-32.34
-3.92
5.88
31.36
32.34
33.32
-35.28
-34.3
-2.94
4.9
34.3
35.28
-37.24
-36.26
-2.94
3.92
36.26
37.24
-38.22
-1.96
2.94
38.22
-40.18
-39.2
-0.98
1.96
39.2
40.18
-41.16
0
0.98
41.16
-42.14
42.14
43.12
-43.12
44.1
-44.1
45.08
-45.08
46.06
-46.06
46.06
-47.04
47.04
-48.02
48.02
-48.02
49
-49
49
-49.98
49.98
-49.98
49.98
-50.96
50.96
-50.96
51.94
-51.94
51.94
-51.94
52.92
-51.94
52.92
-52.92
53.9
-52.92
53.9
-52.92
54.88
-53.9
54.88
-53.9
55.86
-53.9
55.86
-53.9
55.86
-53.9
55.86
-53.9
55.86
-53.9
55.86
-53.9
55.86
-53.9
55.86
-53.9
55.86
-53.9
55.86
-53.9
55.86
-52.92
55.86
-52.92
55.86
-52.92
55.86
-51.94
54.88
-51.94
54.88
-50.96
-0.98
0
0.98
54.88
-49.98
-49
-2.94
-1.96
1.96
2.94
53.9
-48.02
-47.04
-3.92
3.92
52.92
-46.06
-45.08
-3.92
4.9
50.96
51.94
-44.1
-3.92
4.9
49
49.98
-43.12
-2.94
3.92
48.02
-43.12
-1.96
-0.98
1.96
2.94
47.04
-42.14
0
0.98
46.06
-41.16
45.08
-40.18
44.1
-39.2
43.12
-38.22
43.12
-37.24
-36.26
42.14
-35.28
-34.3
41.16
-33.32
-32.34
-31.36
39.2
40.18
-30.38
-29.4
-28.42
37.24
38.22
39.2
-27.44
-26.46
-25.48
35.28
36.26
37.24
-24.5
-23.52
31.36
32.34
33.32
34.3
-22.54
26.46
27.44
28.42
29.4
30.38
-21.56
23.52
24.5
25.48
-20.58
22.54
-19.6
21.56
37.24
38.22
-38.22
-37.24
-18.62
20.58
35.28
36.26
37.24
38.22
39.2
40.18
-41.16
-40.18
-39.2
-38.22
-37.24
-36.26
-35.28
-34.3
-33.32
-18.62
19.6
33.32
34.3
35.28
36.26
37.24
38.22
39.2
40.18
41.16
-57.82
-56.84
-55.86
-54.88
-53.9
-52.92
-51.94
-50.96
-49.98
-49
-48.02
-47.04
-46.06
-45.08
-44.1
-43.12
-42.14
-41.16
-40.18
-39.2
-38.22
-37.24
-36.26
-35.28
-34.3
-33.32
-32.34
-31.36
-17.64
19.6
32.34
33.32
34.3
35.28
36.26
37.24
38.22
39.2
40.18
41.16
42.14
-60.76
-59.78
-58.8
-57.82
-56.84
-48.02
-47.04
-46.06
-45.08
-44.1
-43.12
-42.14
-32.34
-31.36
-30.38
-17.64
18.62
30.38
31.36
32.34
33.32
40.18
41.16
42.14
43.12
44.1
45.08
46.06
47.04
48.02
49
49.98
50.96
51.94
52.92
53.9
54.88
55.86
56.84
57.82
58.8
-62.72
-61.74
-60.76
-30.38
-29.4
-17.64
18.62
29.4
30.38
31.36
43.12
44.1
45.08
46.06
47.04
48.02
49
57.82
58.8
59.78
60.76
-62.72
-29.4
-28.42
-16.66
17.64
28.42
29.4
60.76
61.74
-63.7
-28.42
-27.44
-26.46
-16.66
17.64
27.44
28.42
62.72
-63.7
-26.46
-25.48
-15.68
16.66
25.48
26.46
27.44
63.7
-64.68
-25.48
-24.5
-23.52
-14.7
16.66
24.5
25.48
63.7
-64.68
-23.52
-22.54
-14.7
15.68
23.52
24.5
63.7
-64.68
-21.56
-13.72
14.7
22.54
64.68
-64.68
-20.58
-12.74
13.72
21.56
64.68
-63.7
-19.6
-11.76
11.76
12.74
20.58
64.68
-63.7
-18.62
-10.78
-9.8
9.8
10.78
19.6
64.68
-63.7
-17.64
-8.82
-7.84
-6.86
-5.88
-4.9
-3.92
-2.94
-1.96
-0.98
0
0.98
1.96
2.94
3.92
4.9
5.88
6.86
7.84
8.82
19.6
64.68
-63.7
-17.64
18.62
63.7
-62.72
-16.66
18.62
63.7
-62.72
-16.66
17.64
63.7
-62.72
-16.66
17.64
63.7
-62.72
-15.68
17.64
62.72
-61.74
-15.68
16.66
62.72
-61.74
-15.68
16.66
62.72
-61.74
-15.68
16.66
61.74
-61.74
-15.68
16.66
61.74
-61.74
-15.68
16.66
61.74
-60.76
-15.68
15.68
61.74
-60.76
-15.68
15.68
60.76
-60.76
-15.68
15.68
60.76
-60.76
-16.66
16.66
60.76
-60.76
-16.66
-1.96
-0.98
0
0.98
1.96
2.94
3.92
4.9
5.88
16.66
60.76
-60.76
-17.64
-2.94
6.86
16.66
59.78
-59.78
-18.62
-3.92
-2.94
7.84
17.64
59.78
-59.78
-18.62
-2.94
7.84
18.62
58.8
-59.78
-19.6
-1.96
-0.98
0
0.98
1.96
5.88
6.86
18.62
58.8
-58.8
-19.6
2.94
3.92
4.9
19.6
58.8
-58.8
-19.6
20.58
57.82
-57.82
-20.58
20.58
57.82
-57.82
-20.58
21.56
57.82
-56.84
-20.58
21.56
56.84
-55.86
-20.58
22.54
56.84
-54.88
-20.58
22.54
55.86
-53.9
-21.56
23.52
55.86
-52.92
-21.56
24.5
54.88
-51.94
-22.54
24.5
53.9
-50.96
-23.52
25.48
53.9
-50.96
-24.5
25.48
52.92
-49.98
-25.48
26.46
51.94
-49.98
-26.46
26.46
50.96
-49
-28.42
-27.44
27.44
50.96
-48.02
-30.38
-29.4
27.44
49.98
-47.04
-31.36
28.42
49
-46.06
-45.08
-33.32
-32.34
29.4
47.04
48.02
-44.1
-43.12
-42.14
-35.28
-34.3
30.38
44.1
45.08
46.06
-41.16
-40.18
-39.2
-38.22
-37.24
-36.26
31.36
32.34
33.32
39.2
40.18
41.16
42.14
43.12
34.3
35.28
36.26
37.24
38.22
-13.72
-12.74
-20.58
-19.6
-18.62
-17.64
-16.66
-15.68
-14.7
-11.76
-10.78
-9.8
-8.82
12.74
13.72
14.7
15.68
16.66
17.64
18.62
19.6
20.58
21.56
-25.48
-24.5
-23.52
-22.54
-21.56
-7.84
-6.86
9.8
10.78
11.76
22.54
23.52
24.5
25.48
-29.4
-28.42
-27.44
-26.46
-5.88
7.84
8.82
26.46
27.44
28.42
-32.34
-31.36
-30.38
-4.9
6.86
29.4
30.38
31.36
-34.3
-33.32
-3.92
5.88
32.34
33.32
-36.26
-35.28
-3.92
4.9
34.3
35.28
-37.24
-2.94
3.92
36.26
37.24
-39.2
-38.22
-1.96
2.94
38.22
-40.18
-0.98
1.96
39.2
40.18
-41.16
0
0.98
41.16
-43.12
-42.14
42.14
43.12
-44.1
44.1
-45.08
45.08
-45.08
45.08
-46.06
46.06
-47.04
47.04
-48.02
48.02
-49
48.02
-49
49
-49.98
49.98
-49.98
49.98
-50.96
50.96
-50.96
51.94
-50.96
51.94
-51.94
52.92
-51.94
52.92
-52.92
53.9
-52.92
53.9
-52.92
54.88
-53.9
54.88
-53.9
54.88
-53.9
55.86
-53.9
55.86
-53.9
55.86
-53.9
55.86
-53.9
55.86
-53.9
55.86
-53.9
55.86
-53.9
55.86
-53.9
55.86
-53.9
55.86
-52.92
55.86
-52.92
55.86
-52.92
55.86
-52.92
55.86
-51.94
54.88
-50.96
-0.98
0
0.98
54.88
-50.96
-49.98
-2.94
-1.96
1.96
2.94
54.88
-49
-48.02
-3.92
3.92
53.9
-47.04
-46.06
-3.92
4.9
52.92
53.9
-45.08
-3.92
4.9
50.96
51.94
-44.1
-2.94
3.92
49
49.98
-43.12
-1.96
2.94
48.02
-43.12
-0.98
0
0.98
1.96
47.04
-42.14
46.06
-42.14
-41.16
45.08
-41.16
-40.18
44.1
45.08
-40.18
-39.2
44.1
-40.18
-39.2
-38.22
43.12
44.1
-39.2
-38.22
-37.24
-36.26
42.14
43.12
-38.22
-37.24
-36.26
-35.28
-34.3
41.16
42.14
-36.26
-35.28
-34.3
-33.32
-32.34
-31.36
40.18
41.16
42.14
-30.38
-29.4
-28.42
-27.44
38.22
39.2
40.18
41.16
42.14
-39.2
-26.46
-25.48
-24.5
-23.52
35.28
36.26
37.24
38.22
39.2
40.18
41.16
42.14
-40.18
-39.2
-38.22
-37.24
-22.54
31.36
32.34
33.32
34.3
35.28
36.26
37.24
38.22
39.2
40.18
41.16
42.14
-41.16
-40.18
-39.2
-38.22
-37.24
-36.26
-21.56
-20.58
24.5
25.48
26.46
27.44
28.42
29.4
30.38
31.36
32.34
33.32
34.3
35.28
36.26
37.24
38.22
39.2
40.18
41.16
42.14
-42.14
-41.16
-40.18
-39.2
-38.22
-37.24
-36.26
-35.28
-34.3
-19.6
22.54
23.52
31.36
32.34
33.32
34.3
35.28
36.26
37.24
38.22
39.2
40.18
41.16
42.14
43.12
-43.12
-42.14
-41.16
-40.18
-39.2
-38.22
-37.24
-36.26
-35.28
-34.3
-33.32
-19.6
21.56
31.36
32.34
33.32
34.3
35.28
36.26
39.2
40.18
41.16
42.14
43.12
-54.88
-53.9
-52.92
-51.94
-50.96
-45.08
-44.1
-43.12
-42.14
-41.16
-40.18
-39.2
-36.26
-35.28
-34.3
-33.32
-32.34
-31.36
-18.62
20.58
31.36
32.34
33.32
34.3
41.16
42.14
43.12
44.1
45.08
-59.78
-58.8
-57.82
-56.84
-55.86
-54.88
-53.9
-52.92
-51.94
-50.96
-49.98
-49
-48.02
-47.04
-46.06
-45.08
-44.1
-43.12
-42.14
-32.34
-31.36
-30.38
-18.62
19.6
30.38
31.36
32.34
42.14
43.12
44.1
45.08
46.06
47.04
48.02
49
49.98
50.96
51.94
52.92
53.9
54.88
55.86
56.84
-61.74
-60.76
-59.78
-58.8
-30.38
-29.4
-17.64
19.6
29.4
30.38
31.36
43.12
44.1
45.08
46.06
47.04
48.02
49
49.98
50.96
51.94
52.92
53.9
54.88
55.86
56.84
57.82
58.8
59.78
-62.72
-61.74
-29.4
-28.42
-17.64
18.62
28.42
29.4
59.78
60.76
-63.7
-28.42
-27.44
-17.64
18.62
27.44
28.42
61.74
-63.7
-27.44
-26.46
-25.48
-16.66
18.62
26.46
27.44
62.72
-64.68
-25.48
-24.5
-16.66
17.64
25.48
26.46
63.7
-64.68
-24.5
-23.52
-22.54
-16.66
17.64
23.52
24.5
63.7
-64.68
-22.54
-21.56
-15.68
16.66
22.54
23.52
64.68
-64.68
-21.56
-20.58
-14.7
15.68
21.56
22.54
64.68
-64.68
-20.58
-19.6
-14.7
14.7
20.58
21.56
64.68
-64.68
-19.6
-18.62
-13.72
-12.74
13.72
20.58
64.68
-64.68
-18.62
-11.76
12.74
19.6
64.68
-64.68
-17.64
-10.78
-9.8
9.8
10.78
11.76
18.62
64.68
-63.7
-17.64
-8.82
-7.84
-6.86
-5.88
-4.9
-3.92
-2.94
-1.96
-0.98
0
0.98
1.96
2.94
3.92
4.9
5.88
6.86
7.84
8.82
18.62
64.68
-63.7
-16.66
18.62
64.68
-63.7
-16.66
17.64
63.7
-62.72
-15.68
17.64
63.7
-62.72
-15.68
17.64
63.7
-62.72
-15.68
16.66
63.7
-62.72
-15.68
16.66
62.72
-62.72
-14.7
16.66
62.72
-62.72
-14.7
15.68
62.72
-61.74
-14.7
15.68
61.74
-61.74
-14.7
15.68
61.74
-61.74
-14.7
15.68
61.74
-61.74
-14.7
15.68
61.74
-61.74
-15.68
15.68
61.74
-61.74
-15.68
15.68
60.76
-60.76
-16.66
0.98
1.96
2.94
3.92
4.9
5.88
16.66
60.76
-60.76
-17.64
-1.96
-0.98
0
0.98
6.86
16.66
60.76
-60.76
-17.64
-1.96
-0.98
0
7.84
17.64
59.78
-59.78
-18.62
-1.96
-0.98
0
7.84
17.64
59.78
-59.78
-19.6
-0.98
0
0.98
1.96
6.86
18.62
59.78
-59.78
-19.6
2.94
3.92
4.9
5.88
19.6
58.8
-58.8
-20.58
20.58
58.8
-58.8
-20.58
21.56
58.8
-57.82
-20.58
21.56
57.82
-56.84
-20.58
22.54
57.82
-55.86
-21.56
23.52
56.84
-55.86
-54.88
-21.56
23.52
56.84
-53.9
-21.56
24.5
55.86
-52.92
-22.54
24.5
55.86
-51.94
-23.52
25.48
54.88
-51.94
-24.5
25.48
53.9
-50.96
-25.48
26.46
52.92
-50.96
-26.46
26.46
52.92
-49.98
-28.42
-27.44
26.46
51.94
-49
-29.4
27.44
50.96
-49
-31.36
-30.38
28.42
49.98
-48.02
-47.04
-32.34
28.42
49
49.98
-46.06
-34.3
-33.32
29.4
48.02
-45.08
-44.1
-43.12
-42.14
-36.26
-35.28
30.38
31.36
45.08
46.06
47.04
-41.16
-40.18
-39.2
-38.22
-37.24
32.34
33.32
40.18
41.16
42.14
43.12
44.1
34.3
35.28
36.26
37.24
38.22
39.2
-21.56
-20.58
-19.6
-18.62
-17.64
-16.66
-15.68
-14.7
-13.72
-12.74
-11.76
-10.78
-9.8
-8.82
12.74
13.72
14.7
15.68
16.66
17.64
18.62
19.6
20.58
21.56
-26.46
-25.48
-24.5
-23.52
-22.54
-7.84
-6.86
9.8
10.78
11.76
22.54
23.52
24.5
25.48
-29.4
-28.42
-27.44
-5.88
7.84
8.82
26.46
27.44
28.42
-32.34
-31.36
-30.38
-4.9
6.86
29.4
30.38
31.36
-34.3
-33.32
-4.9
5.88
32.34
33.32
-36.26
-35.28
-3.92
4.9
34.3
35.28
-37.24
-2.94
3.92
36.26
37.24
-39.2
-38.22
-2.94
2.94
38.22
-40.18
-1.96
1.96
39.2
40.18
-41.16
-0.98
0
0.98
41.16
-43.12
-42.14
42.14
-44.1
43.12
44.1
-45.08
44.1
-46.06
45.08
-46.06
46.06
-47.04
47.04
-48.02
48.02
-48.02
48.02
-49
49
-49.98
49.98
-49.98
49.98
-49.98
50.96
-50.96
51.94
-50.96
51.94
-51.94
52.92
-51.94
52.92
-51.94
53.9
-52.92
53.9
-52.92
54.88
-52.92
54.88
-53.9
54.88
-53.9
55.86
-53.9
55.86
-53.9
55.86
-53.9
55.86
-53.9
55.86
-53.9
55.86
-53.9
55.86
-53.9
55.86
-53.9
55.86
-53.9
55.86
-53.9
55.86
-52.92
55.86
-52.92
55.86
-52.92
55.86
-52.92
55.86
-51.94
55.86
-51.94
-1.96
-0.98
0
0.98
1.96
2.94
55.86
-50.96
-49.98
-2.94
3.92
54.88
55.86
-49.98
-49
-48.02
-3.92
3.92
54.88
55.86
-48.02
-47.04
-46.06
-3.92
3.92
52.92
53.9
54.88
55.86
-46.06
-45.08
-2.94
3.92
50.96
51.94
52.92
53.9
54.88
-45.08
-44.1
-1.96
2.94
49
49.98
50.96
51.94
52.92
53.9
-45.08
-44.1
-0.98
0
0.98
1.96
48.02
49
49.98
50.96
-45.08
-44.1
-43.12
47.04
48.02
49
-44.1
-43.12
46.06
47.04
48.02
-44.1
-43.12
-42.14
46.06
47.04
48.02
-44.1
-43.12
-42.14
-41.16
45.08
46.06
47.04
-45.08
-44.1
-43.12
-42.14
-41.16
45.08
46.06
47.04
-45.08
-44.1
-43.12
-42.14
-41.16
-40.18
44.1
45.08
46.06
47.04
-45.08
-44.1
-43.12
-42.14
-41.16
-40.18
-39.2
43.12
44.1
45.08
46.06
47.04
-45.08
-44.1
-43.12
-42.14
-41.16
-40.18
-39.2
-38.22
-37.24
43.12
44.1
45.08
46.06
47.04
-45.08
-44.1
-43.12
-42.14
-41.16
-40.18
-39.2
-38.22
-37.24
-36.26
-35.28
-34.3
-33.32
-32.34
-31.36
43.12
44.1
45.08
46.06
47.04
-45.08
-44.1
-43.12
-42.14
-41.16
-40.18
-38.22
-37.24
-36.26
-35.28
-34.3
-33.32
-32.34
-31.36
-30.38
-29.4
-28.42
-27.44
43.12
44.1
45.08
46.06
47.04
-46.06
-45.08
-44.1
-43.12
-42.14
-41.16
-36.26
-35.28
-34.3
-33.32
-32.34
-31.36
-30.38
-29.4
-28.42
-27.44
-26.46
-25.48
-24.5
-23.52
-22.54
43.12
44.1
45.08
46.06
47.04
-46.06
-45.08
-44.1
-43.12
-42.14
-35.28
-34.3
-33.32
-32.34
-31.36
-30.38
-21.56
-20.58
43.12
44.1
45.08
46.06
47.04
48.02
-54.88
-53.9
-52.92
-51.94
-50.96
-49.98
-49
-48.02
-47.04
-46.06
-45.08
-44.1
-43.12
-33.32
-32.34
-31.36
-30.38
-19.6
23.52
24.5
25.48
26.46
27.44
28.42
29.4
30.38
44.1
45.08
46.06
47.04
48.02
49
49.98
50.96
51.94
52.92
53.9
-58.8
-57.82
-56.84
-55.86
-54.88
-53.9
-52.92
-51.94
-50.96
-49.98
-49
-48.02
-47.04
-46.06
-45.08
-44.1
-32.34
-31.36
-30.38
-29.4
-19.6
21.56
22.54
27.44
28.42
29.4
30.38
44.1
45.08
46.06
47.04
48.02
49
49.98
50.96
51.94
52.92
53.9
54.88
55.86
56.84
-60.76
-59.78
-58.8
-57.82
-56.84
-55.86
-49.98
-49
-48.02
-47.04
-46.06
-30.38
-29.4
-28.42
-18.62
20.58
28.42
29.4
30.38
46.06
47.04
48.02
49
49.98
50.96
51.94
52.92
53.9
54.88
55.86
56.84
57.82
58.8
-61.74
-60.76
-29.4
-28.42
-18.62
19.6
27.44
28.42
29.4
57.82
58.8
59.78
-62.72
-28.42
-27.44
-17.64
19.6
27.44
28.42
60.76
61.74
-63.7
-27.44
-26.46
-17.64
18.62
26.46
27.44
61.74
62.72
-64.68
-26.46
-25.48
-24.5
-17.64
18.62
25.48
26.46
62.72
-64.68
-24.5
-23.52
-17.64
18.62
24.5
25.48
63.7
-64.68
-23.52
-22.54
-21.56
-17.64
18.62
22.54
23.52
24.5
64.68
-65.66
-21.56
-20.58
-16.66
17.64
21.56
22.54
64.68
-65.66
-20.58
-19.6
-16.66
17.64
20.58
21.56
64.68
-65.66
-19.6
-18.62
-16.66
-15.68
16.66
19.6
20.58
64.68
-65.66
-18.62
-17.64
-15.68
-14.7
15.68
19.6
64.68
-64.68
-17.64
-13.72
13.72
14.7
18.62
19.6
64.68
-64.68
-17.64
-12.74
-11.76
12.74
18.62
64.68
-64.68
-16.66
-10.78
-9.8
10.78
11.76
18.62
64.68
-64.68
-16.66
-8.82
-7.84
-6.86
-5.88
-4.9
-3.92
-2.94
-1.96
-0.98
0
0.98
1.96
2.94
3.92
4.9
5.88
6.86
7.84
8.82
9.8
17.64
64.68
-63.7
-16.66
17.64
64.68
-63.7
-15.68
17.64
64.68
-63.7
-15.68
16.66
63.7
-63.7
-15.68
16.66
63.7
-63.7
-14.7
16.66
63.7
-62.72
-14.7
16.66
62.72
-62.72
-14.7
15.68
62.72
-62.72
-14.7
15.68
62.72
-62.72
-14.7
15.68
62.72
-62.72
-14.7
15.68
62.72
-62.72
-14.7
15.68
61.74
-61.74
-14.7
15.68
61.74
-61.74
-14.7
15.68
61.74
-61.74
-15.68
15.68
61.74
-61.74
-15.68
15.68
60.76
-60.76
-16.66
1.96
2.94
3.92
4.9
5.88
16.66
60.76
-60.76
-17.64
0.98
1.96
2.94
3.92
4.9
5.88
6.86
16.66
60.76
-60.76
-18.62
0.98
1.96
2.94
3.92
4.9
5.88
6.86
17.64
59.78
-59.78
-19.6
1.96
2.94
3.92
4.9
5.88
6.86
18.62
59.78
-59.78
-20.58
19.6
59.78
-58.8
-20.58
20.58
58.8
-58.8
-21.56
21.56
58.8
-57.82
-21.56
22.54
58.8
-56.84
-21.56
23.52
57.82
-55.86
-21.56
23.52
57.82
-55.86
-22.54
24.5
56.84
-54.88
-22.54
24.5
56.84
-53.9
-23.52
25.48
55.86
-52.92
-23.52
25.48
54.88
-51.94
-25.48
-24.5
25.48
54.88
-50.96
-26.46
26.46
53.9
-50.96
-27.44
26.46
52.92
-49.98
-29.4
-28.42
27.44
51.94
-49.98
-31.36
-30.38
27.44
51.94
-49
-32.34
28.42
50.96
-48.02
-33.32
28.42
49.98
-47.04
-46.06
-35.28
-34.3
29.4
48.02
49
-45.08
-44.1
-43.12
-42.14
-37.24
-36.26
30.38
31.36
46.06
47.04
-41.16
-40.18
-39.2
-38.22
32.34
33.32
34.3
42.14
43.12
44.1
45.08
35.28
36.26
37.24
38.22
39.2
40.18
41.16
-21.56
-20.58
-19.6
-18.62
-17.64
-16.66
-15.68
-14.7
-13.72
-12.74
-11.76
-10.78
-9.8
12.74
13.72
14.7
15.68
16.66
17.64
18.62
19.6
20.58
21.56
-26.46
-25.48
-24.5
-23.52
-22.54
-8.82
-7.84
9.8
10.78
11.76
22.54
23.52
24.5
25.48
-30.38
-29.4
-28.42
-27.44
-6.86
7.84
8.82
26.46
27.44
28.42
-32.34
-31.36
-5.88
6.86
29.4
30.38
31.36
-34.3
-33.32
-4.9
5.88
32.34
33.32
-36.26
-35.28
-3.92
4.9
34.3
35.28
-37.24
-3.92
3.92
36.26
37.24
-39.2
-38.22
-2.94
3.92
38.22
-40.18
-1.96
2.94
39.2
40.18
-41.16
-0.98
0
0.98
1.96
41.16
-43.12
-42.14
42.14
-44.1
43.12
-45.08
44.1
-45.08
45.08
-46.06
46.06
-47.04
47.04
-48.02
47.04
-48.02
48.02
-49
49
-49
49
-49.98
49.98
-49.98
50.96
-50.96
50.96
-50.96
51.94
-50.96
52.92
-51.94
52.92
-51.94
53.9
-52.92
53.9
-52.92
53.9
-52.92
54.88
-52.92
54.88
-53.9
54.88
-53.9
55.86
-53.9
55.86
-53.9
55.86
-53.9
55.86
-53.9
55.86
-53.9
55.86
-53.9
55.86
-53.9
55.86
-53.9
55.86
-53.9
55.86
-53.9
55.86
-53.9
55.86
-53.9
56.84
-53.9
56.84
-53.9
-52.92
56.84
-54.88
-53.9
-52.92
-0.98
0
0.98
56.84
-54.88
-53.9
-52.92
-51.94
-1.96
1.96
2.94
56.84
57.82
-55.86
-54.88
-53.9
-52.92
-51.94
-50.96
-2.94
2.94
56.84
57.82
-55.86
-54.88
-53.9
-52.92
-51.94
-50.96
-49.98
-49
-2.94
3.92
56.84
57.82
58.8
-55.86
-54.88
-53.9
-52.92
-51.94
-50.96
-49.98
-49
-48.02
-47.04
-2.94
3.92
55.86
56.84
57.82
58.8
-55.86
-54.88
-53.9
-52.92
-51.94
-50.96
-49.98
-49
-48.02
-47.04
-46.06
-1.96
2.94
54.88
55.86
56.84
57.82
58.8
-55.86
-54.88
-53.9
-52.92
-51.94
-50.96
-49.98
-49
-48.02
-47.04
-46.06
-0.98
0
0.98
1.96
51.94
52.92
53.9
54.88
55.86
56.84
57.82
58.8
-55.86
-54.88
-53.9
-52.92
-51.94
-50.96
-49.98
-49
-48.02
-47.04
-46.06
49.98
50.96
51.94
52.92
53.9
54.88
55.86
56.84
57.82
58.8
-54.88
-53.9
-52.92
-51.94
-50.96
-49.98
-49
-48.02
-47.04
-46.06
-45.08
49
49.98
50.96
51.94
52.92
53.9
54.88
55.86
56.84
57.82
-53.9
-52.92
-51.94
-50.96
-49.98
-49
-48.02
-47.04
-46.06
-45.08
49
49.98
50.96
51.94
52.92
53.9
54.88
55.86
56.84
-50.96
-49.98
-49
-48.02
-47.04
-46.06
-45.08
48.02
49
49.98
50.96
51.94
52.92
53.9
54.88
-49.98
-49
-48.02
-47.04
-46.06
48.02
49
49.98
50.96
51.94
52.92
53.9
-49
-48.02
-47.04
-46.06
48.02
49
49.98
50.96
51.94
52.92
53.9
-49
-48.02
-47.04
-46.06
48.02
49
49.98
50.96
51.94
52.92
53.9
-49
-48.02
-47.04
-46.06
48.02
49
49.98
50.96
51.94
52.92
53.9
-49.98
-49
-48.02
-47.04
-46.06
48.02
49
49.98
50.96
51.94
52.92
53.9
54.88
-55.86
-54.88
-53.9
-52.92
-51.94
-50.96
-49.98
-49
-48.02
-47.04
-46.06
48.02
49
49.98
50.96
51.94
52.92
53.9
54.88
55.86
-57.82
-56.84
-55.86
-54.88
-53.9
-52.92
-51.94
-50.96
-49.98
-49
-48.02
-47.04
-23.52
48.02
49
49.98
50.96
51.94
52.92
53.9
54.88
55.86
56.84
-58.8
-57.82
-56.84
-55.86
-54.88
-53.9
-52.92
-51.94
-50.96
-49.98
-49
-48.02
-47.04
-29.4
-28.42
-27.44
-26.46
-25.48
-24.5
-22.54
-21.56
-20.58
49
49.98
50.96
51.94
52.92
53.9
54.88
55.86
56.84
57.82
58.8
-59.78
-58.8
-57.82
-56.84
-55.86
-29.4
-28.42
-27.44
-26.46
-19.6
54.88
55.86
56.84
57.82
58.8
-61.74
-60.76
-59.78
-28.42
-27.44
-26.46
-18.62
21.56
22.54
23.52
24.5
25.48
26.46
57.82
58.8
59.78
-62.72
-61.74
-27.44
-26.46
-18.62
20.58
25.48
26.46
27.44
59.78
60.76
-63.7
-62.72
-27.44
-26.46
-25.48
-18.62
20.58
25.48
26.46
60.76
61.74
-63.7
-26.46
-25.48
-18.62
19.6
24.5
25.48
26.46
62.72
-64.68
-25.48
-24.5
-23.52
-18.62
19.6
24.5
25.48
63.7
-64.68
-23.52
-22.54
-18.62
19.6
23.52
24.5
63.7
-65.66
-22.54
-21.56
-20.58
-18.62
19.6
21.56
22.54
23.52
64.68
-65.66
-20.58
-19.6
-18.62
19.6
20.58
21.56
64.68
-65.66
-19.6
-18.62
-17.64
18.62
19.6
20.58
64.68
-65.66
-18.62
-17.64
18.62
19.6
65.66
-65.66
-17.64
17.64
18.62
65.66
-65.66
-16.66
15.68
16.66
17.64
18.62
65.66
-65.66
-16.66
-15.68
-14.7
14.7
17.64
65.66
-65.66
-16.66
-15.68
-13.72
-12.74
12.74
13.72
17.64
65.66
-64.68
-15.68
-11.76
-10.78
10.78
11.76
17.64
65.66
-64.68
-15.68
-9.8
-8.82
-7.84
-6.86
-5.88
-4.9
-3.92
-2.94
-1.96
-0.98
0
0.98
1.96
2.94
3.92
4.9
5.88
6.86
7.84
8.82
9.8
17.64
64.68
-64.68
-15.68
16.66
64.68
-64.68
-15.68
16.66
64.68
-63.7
-14.7
16.66
64.68
-63.7
-14.7
16.66
63.7
-63.7
-14.7
15.68
63.7
-63.7
-14.7
15.68
63.7
-63.7
-13.72
15.68
62.72
-63.7
-13.72
15.68
62.72
-63.7
-13.72
15.68
62.72
-62.72
-13.72
15.68
62.72
-62.72
-13.72
14.7
62.72
-62.72
-13.72
14.7
62.72
-62.72
-14.7
15.68
61.74
-61.74
-14.7
15.68
61.74
-61.74
-15.68
15.68
61.74
-61.74
-16.66
15.68
61.74
-60.76
-17.64
16.66
60.76
-60.76
-18.62
17.64
60.76
-59.78
-19.6
18.62
60.76
-59.78
-20.58
19.6
59.78
-58.8
-21.56
20.58
59.78
-58.8
-21.56
21.56
58.8
-57.82
-21.56
22.54
58.8
-56.84
-21.56
23.52
58.8
-55.86
-22.54
24.5
57.82
-54.88
-22.54
24.5
57.82
-54.88
-23.52
25.48
56.84
-53.9
-23.52
25.48
55.86
-52.92
-24.5
25.48
55.86
-51.94
-26.46
-25.48
26.46
54.88
-51.94
-27.44
26.46
53.9
-50.96
-29.4
-28.42
27.44
53.9
-50.96
-30.38
27.44
52.92
-49.98
-32.34
-31.36
28.42
51.94
-49
-33.32
28.42
50.96
-48.02
-34.3
29.4
49.98
-47.04
-46.06
-36.26
-35.28
30.38
49
-45.08
-44.1
-43.12
-42.14
-41.16
-40.18
-39.2
-38.22
-37.24
31.36
47.04
48.02
-0.98
0
32.34
33.32
34.3
43.12
44.1
45.08
46.06
-2.94
-1.96
-0.98
0
0.98
1.96
35.28
36.26
37.24
38.22
39.2
40.18
41.16
42.14
-2.94
-1.96
-0.98
0
0.98
1.96
2.94
-2.94
-1.96
-0.98
0
0.98
1.96
2.94
3.92
-3.92
-2.94
-1.96
-0.98
0
0.98
1.96
2.94
3.92
-3.92
-2.94
-1.96
-0.98
0
0.98
1.96
2.94
3.92
4.9
-3.92
-2.94
-1.96
-0.98
0
0.98
1.96
2.94
3.92
4.9
-3.92
-2.94
-1.96
-0.98
0
0.98
1.96
2.94
3.92
4.9
-3.92
-2.94
-1.96
-0.98
0
0.98
1.96
2.94
3.92
4.9
-3.92
-2.94
-1.96
-0.98
0
0.98
1.96
2.94
3.92
4.9
-2.94
-1.96
-0.98
0
0.98
1.96
2.94
3.92
4.9
-2.94
-1.96
-0.98
0
0.98
1.96
2.94
3.92
4.9
-1.96
-0.98
0
0.98
1.96
2.94
3.92
4.9
-0.98
0
0.98
1.96
2.94
3.92
4.9
-0.98
0
0.98
1.96
2.94
3.92
4.9
0.98
1.96
2.94
3.92
-21.56
-20.58
-19.6
-18.62
-17.64
-16.66
-15.68
-14.7
-13.72
-12.74
-11.76
-10.78
12.74
13.72
14.7
15.68
16.66
17.64
18.62
19.6
20.58
21.56
-27.44
-26.46
-25.48
-24.5
-23.52
-22.54
-9.8
-8.82
9.8
10.78
11.76
22.54
23.52
24.5
25.48
-30.38
-29.4
-28.42
-7.84
7.84
8.82
26.46
27.44
28.42
-32.34
-31.36
-6.86
6.86
29.4
30.38
31.36
-34.3
-33.32
-5.88
5.88
32.34
33.32
-36.26
-35.28
-4.9
4.9
34.3
35.28
-37.24
-3.92
3.92
36.26
37.24
-39.2
-38.22
-3.92
3.92
38.22
-40.18
-2.94
2.94
39.2
40.18
-41.16
-1.96
-0.98
1.96
41.16
-42.14
0
0.98
42.14
-43.12
43.12
-44.1
44.1
-45.08
45.08
-46.06
46.06
-47.04
47.04
-47.04
47.04
-48.02
48.02
-49
49
-49
49
-49.98
49.98
-49.98
50.96
-49.98
50.96
-50.96
51.94
-50.96
51.94
-51.94
52.92
-51.94
52.92
-51.94
53.9
-52.92
53.9
-52.92
53.9
-52.92
54.88
-52.92
54.88
-52.92
54.88
-52.92
54.88
-53.9
55.86
-53.9
55.86
-53.9
55.86
-53.9
55.86
-53.9
55.86
-53.9
55.86
-53.9
55.86
-53.9
56.84
-53.9
56.84
-53.9
56.84
-54.88
56.84
-55.86
-54.88
57.82
-56.84
-55.86
-54.88
57.82
-56.84
-55.86
57.82
58.8
-57.82
-56.84
-55.86
-0.98
0
0.98
58.8
59.78
-57.82
-56.84
-1.96
-0.98
1.96
58.8
59.78
-57.82
-56.84
-1.96
2.94
59.78
60.76
-57.82
-56.84
-1.96
2.94
59.78
60.76
-58.8
-57.82
-56.84
-0.98
1.96
59.78
60.76
-58.8
-57.82
-56.84
0
0.98
59.78
60.76
61.74
-58.8
-57.82
-56.84
59.78
60.76
-58.8
-57.82
-56.84
-55.86
58.8
59.78
60.76
-58.8
-57.82
-56.84
-55.86
-54.88
57.82
58.8
59.78
60.76
-58.8
-57.82
-56.84
-55.86
-54.88
-53.9
-52.92
-51.94
55.86
56.84
57.82
58.8
59.78
60.76
-58.8
-57.82
-56.84
-55.86
-54.88
-53.9
-52.92
-51.94
-50.96
54.88
55.86
56.84
57.82
58.8
59.78
-58.8
-57.82
-56.84
-55.86
-54.88
-53.9
-52.92
-51.94
-50.96
-49.98
54.88
55.86
56.84
57.82
58.8
59.78
-58.8
-57.82
-56.84
-55.86
-54.88
-53.9
-52.92
-51.94
-50.96
-49.98
54.88
55.86
56.84
57.82
58.8
59.78
-59.78
-58.8
-57.82
-56.84
-55.86
-54.88
-53.9
-52.92
-51.94
-50.96
-49.98
54.88
55.86
56.84
57.82
58.8
59.78
-59.78
-58.8
-57.82
-56.84
-55.86
-54.88
-53.9
-52.92
-51.94
-50.96
55.86
56.84
57.82
58.8
59.78
-59.78
-58.8
-57.82
-56.84
56.84
57.82
58.8
59.78
-60.76
-59.78
-58.8
57.82
58.8
59.78
60.76
-61.74
-60.76
-59.78
-23.52
-22.54
-21.56
-20.58
59.78
60.76
-61.74
-60.76
-25.48
-24.5
-23.52
-19.6
59.78
60.76
-62.72
-25.48
-24.5
-18.62
60.76
61.74
-63.7
-25.48
-24.5
-18.62
21.56
22.54
23.52
24.5
61.74
62.72
-64.68
-24.5
-23.52
-18.62
21.56
22.54
23.52
24.5
62.72
-64.68
-24.5
-23.52
-22.54
-18.62
20.58
22.54
23.52
63.7
-65.66
-22.54
-21.56
-19.6
20.58
21.56
22.54
23.52
63.7
-65.66
-21.56
-20.58
-19.6
20.58
21.56
22.54
64.68
-65.66
-19.6
20.58
64.68
-65.66
65.66
-65.66
65.66
-65.66
65.66
-65.66
65.66
-65.66
65.66
-65.66
15.68
16.66
65.66
-65.66
-14.7
-13.72
12.74
13.72
14.7
16.66
65.66
-65.66
-14.7
-12.74
-11.76
-10.78
10.78
11.76
16.66
65.66
-65.66
-14.7
-9.8
-8.82
-7.84
-6.86
-5.88
-4.9
-3.92
-2.94
-1.96
-0.98
0
0.98
1.96
2.94
3.92
4.9
5.88
6.86
7.84
8.82
9.8
16.66
65.66
-64.68
-14.7
16.66
65.66
-64.68
-14.7
16.66
64.68
-64.68
-14.7
15.68
64.68
-64.68
-14.7
15.68
64.68
-64.68
-13.72
15.68
63.7
-63.7
-13.72
15.68
63.7
-63.7
-13.72
15.68
63.7
-63.7
-13.72
14.7
62.72
-63.7
-13.72
14.7
62.72
-63.7
-13.72
14.7
62.72
-63.7
-13.72
14.7
62.72
-62.72
-13.72
14.7
62.72
-62.72
-14.7
14.7
62.72
-62.72
-14.7
14.7
62.72
-61.74
-15.68
15.68
61.74
-61.74
-16.66
15.68
61.74
-61.74
-17.64
16.66
61.74
-60.76
-18.62
17.64
60.76
-60.76
-19.6
18.62
60.76
-59.78
-20.58
19.6
60.76
-58.8
-21.56
20.58
59.78
-58.8
-21.56
21.56
22.54
59.78
-57.82
-22.54
23.52
58.8
-56.84
-22.54
23.52
58.8
-55.86
-22.54
24.5
58.8
-54.88
-22.54
24.5
57.82
-54.88
-23.52
25.48
56.84
-53.9
-24.5
25.48
56.84
-52.92
-25.48
26.46
55.86
-51.94
-27.44
-26.46
26.46
54.88
-51.94
-29.4
-28.42
26.46
54.88
-50.96
-30.38
27.44
53.9
-50.96
-31.36
27.44
52.92
-49.98
-32.34
-1.96
-0.98
28.42
52.92
-49
-34.3
-33.32
-4.9
-3.92
-2.94
-1.96
-0.98
0
0.98
1.96
2.94
28.42
51.94
-48.02
-35.28
-5.88
-4.9
-3.92
-2.94
-1.96
-0.98
0
0.98
1.96
2.94
3.92
29.4
50.96
-47.04
-46.06
-36.26
-5.88
-4.9
-3.92
-2.94
-1.96
-0.98
0
0.98
1.96
2.94
3.92
4.9
30.38
49
49.98
-45.08
-44.1
-43.12
-42.14
-41.16
-40.18
-39.2
-38.22
-37.24
-6.86
-5.88
-4.9
-3.92
-2.94
-1.96
-0.98
0
0.98
1.96
2.94
3.92
4.9
5.88
31.36
32.34
47.04
48.02
-6.86
-5.88
-4.9
-3.92
-2.94
-1.96
0.98
1.96
2.94
3.92
4.9
5.88
6.86
33.32
34.3
44.1
45.08
46.06
-6.86
-5.88
-4.9
-3.92
2.94
3.92
4.9
5.88
6.86
7.84
35.28
36.26
37.24
38.22
39.2
40.18
41.16
42.14
43.12
-6.86
-5.88
-4.9
-3.92
3.92
4.9
5.88
6.86
7.84
-7.84
-6.86
-5.88
-4.9
-3.92
4.9
5.88
6.86
7.84
8.82
-7.84
-6.86
-5.88
-4.9
4.9
5.88
6.86
7.84
8.82
-7.84
-6.86
-5.88
-4.9
5.88
6.86
7.84
8.82
9.8
-7.84
-6.86
-5.88
-4.9
5.88
6.86
7.84
8.82
9.8
-7.84
-6.86
-5.88
-4.9
5.88
6.86
7.84
8.82
9.8
10.78
-7.84
-6.86
-5.88
-4.9
5.88
6.86
7.84
8.82
9.8
10.78
-7.84
-6.86
-5.88
-4.9
5.88
6.86
7.84
8.82
9.8
10.78
-7.84
-6.86
-5.88
-4.9
-3.92
5.88
6.86
7.84
8.82
9.8
10.78
-7.84
-6.86
-5.88
-4.9
-3.92
5.88
6.86
7.84
8.82
9.8
10.78
-7.84
-6.86
-5.88
-4.9
-3.92
-2.94
5.88
6.86
7.84
8.82
9.8
10.78
-6.86
-5.88
-4.9
-3.92
-2.94
-1.96
5.88
6.86
7.84
8.82
9.8
10.78
-5.88
-4.9
-3.92
-2.94
-1.96
5.88
6.86
7.84
8.82
9.8
10.78
-4.9
-3.92
-2.94
-1.96
-0.98
0
4.9
5.88
6.86
7.84
8.82
9.8
10.78
-3.92
-2.94
-1.96
-0.98
0
0.98
1.96
2.94
3.92
4.9
5.88
6.86
7.84
8.82
9.8
10.78
-2.94
-1.96
-0.98
0
0.98
1.96
2.94
3.92
4.9
5.88
6.86
7.84
8.82
9.8
-1.96
-0.98
0
0.98
1.96
2.94
3.92
4.9
5.88
6.86
7.84
8.82
9.8
0.98
1.96
2.94
3.92
4.9
5.88
6.86
7.84
8.82
4.9
5.88
6.86
-21.56
-20.58
-19.6
-18.62
-17.64
-16.66
-15.68
-14.7
-13.72
-12.74
-11.76
13.72
14.7
15.68
16.66
17.64
18.62
19.6
20.58
-26.46
-25.48
-24.5
-23.52
-22.54
-10.78
-9.8
9.8
10.78
11.76
12.74
21.56
22.54
23.52
24.5
25.48
-29.4
-28.42
-27.44
-8.82
-7.84
8.82
26.46
27.44
28.42
-32.34
-31.36
-30.38
-6.86
6.86
7.84
29.4
30.38
31.36
-34.3
-33.32
-6.86
5.88
32.34
33.32
-35.28
-5.88
4.9
34.3
35.28
-37.24
-36.26
-4.9
4.9
36.26
-39.2
-38.22
-3.92
3.92
37.24
38.22
-40.18
-2.94
2.94
39.2
-41.16
-1.96
1.96
40.18
41.16
-42.14
-0.98
0
0.98
42.14
-43.12
43.12
-44.1
44.1
-45.08
45.08
-46.06
46.06
-46.06
46.06
-47.04
47.04
-48.02
48.02
-48.02
48.02
-49
49
-49
49.98
-49.98
49.98
-49.98
50.96
-49.98
51.94
-50.96
51.94
-50.96
52.92
-51.94
52.92
-51.94
52.92
-51.94
53.9
-52.92
53.9
-52.92
53.9
-52.92
54.88
-52.92
54.88
-52.92
54.88
-52.92
54.88
-52.92
55.86
-52.92
55.86
-52.92
55.86
-53.9
55.86
-53.9
55.86
-53.9
56.84
-53.9
56.84
-54.88
56.84
-55.86
-54.88
57.82
-56.84
-55.86
57.82
-57.82
-56.84
58.8
-58.8
-57.82
58.8
-58.8
-57.82
59.78
-59.78
-58.8
60.76
-59.78
-58.8
0
0.98
60.76
61.74
-59.78
-58.8
-0.98
0
0.98
1.96
61.74
-59.78
-58.8
-0.98
0
0.98
1.96
61.74
62.72
-59.78
0
0.98
61.74
62.72
-60.76
-59.78
62.72
-60.76
-59.78
61.74
62.72
-60.76
-59.78
61.74
62.72
-60.76
-59.78
61.74
62.72
-60.76
-59.78
61.74
62.72
-60.76
-59.78
60.76
61.74
62.72
-60.76
-59.78
60.76
61.74
-60.76
-59.78
60.76
61.74
-61.74
-60.76
60.76
61.74
-61.74
-60.76
60.76
61.74
-61.74
-60.76
60.76
61.74
-62.72
-61.74
61.74
-62.72
61.74
-63.7
-62.72
-22.54
-21.56
-20.58
61.74
62.72
-63.7
-23.52
-22.54
-21.56
-19.6
62.72
-64.68
-23.52
-22.54
-21.56
-18.62
63.7
-64.68
-22.54
-21.56
-19.6
63.7
-65.66
-21.56
-20.58
-19.6
21.56
63.7
-65.66
-20.58
64.68
-65.66
64.68
-66.64
65.66
-66.64
65.66
-66.64
65.66
-66.64
65.66
-66.64
65.66
-66.64
66.64
-66.64
65.66
-66.64
13.72
14.7
15.68
65.66
-65.66
-13.72
-12.74
-11.76
0.98
10.78
11.76
12.74
15.68
65.66
-65.66
-13.72
-10.78
-9.8
-8.82
-7.84
-6.86
-5.88
-4.9
-3.92
-2.94
-1.96
-0.98
0
1.96
2.94
3.92
4.9
5.88
6.86
7.84
8.82
9.8
15.68
65.66
-65.66
-14.7
15.68
65.66
-65.66
-13.72
15.68
65.66
-64.68
-13.72
15.68
64.68
-64.68
-13.72
15.68
64.68
-64.68
-13.72
15.68
64.68
-64.68
-13.72
14.7
63.7
-64.68
-12.74
14.7
63.7
-64.68
-12.74
14.7
63.7
-63.7
-12.74
14.7
63.7
-63.7
-13.72
14.7
62.72
-63.7
-13.72
14.7
62.72
-63.7
-13.72
14.7
62.72
-62.72
-13.72
14.7
62.72
-62.72
-14.7
14.7
62.72
-62.72
-15.68
15.68
62.72
-61.74
-15.68
15.68
61.74
-61.74
-17.64
-16.66
16.66
61.74
-60.76
-18.62
17.64
61.74
-60.76
-19.6
17.64
18.62
60.76
-59.78
-20.58
19.6
60.76
-58.8
-21.56
20.58
60.76
-58.8
-21.56
21.56
22.54
59.78
-57.82
-21.56
23.52
59.78
-56.84
-22.54
24.5
58.8
-55.86
-22.54
24.5
58.8
-54.88
-22.54
25.48
57.82
-54.88
-23.52
25.48
57.82
-53.9
-24.5
25.48
56.84
-52.92
-25.48
-6.86
-5.88
25.48
55.86
-52.92
-27.44
-26.46
-7.84
-6.86
-5.88
-4.9
-3.92
26.46
55.86
-51.94
-30.38
-29.4
-28.42
-7.84
-6.86
-5.88
-4.9
-3.92
-2.94
-1.96
26.46
54.88
-51.94
-31.36
-8.82
-7.84
-6.86
-5.88
-4.9
-3.92
-2.94
-1.96
-0.98
0
0.98
1.96
2.94
27.44
53.9
-50.96
-32.34
-8.82
-7.84
-6.86
-5.88
-4.9
-3.92
-2.94
-1.96
-0.98
0
0.98
1.96
2.94
3.92
4.9
27.44
53.9
-49.98
-33.32
-8.82
-7.84
-6.86
-5.88
-4.9
-3.92
-2.94
0
0.98
1.96
2.94
3.92
4.9
5.88
6.86
28.42
52.92
-49
-34.3
-9.8
-8.82
-7.84
-6.86
-5.88
3.92
4.9
5.88
6.86
7.84
8.82
28.42
51.94
-48.02
-35.28
-9.8
-8.82
-7.84
-6.86
4.9
5.88
6.86
7.84
8.82
9.8
29.4
50.96
-47.04
-46.06
-45.08
-38.22
-37.24
-36.26
-10.78
-9.8
-8.82
-7.84
-6.86
5.88
6.86
7.84
8.82
9.8
10.78
30.38
49.98
-44.1
-43.12
-42.14
-41.16
-40.18
-39.2
-10.78
-9.8
-8.82
-7.84
6.86
7.84
8.82
9.8
10.78
11.76
31.36
32.34
48.02
49
-10.78
-9.8
-8.82
-7.84
7.84
8.82
9.8
10.78
11.76
33.32
34.3
44.1
45.08
46.06
47.04
-11.76
-10.78
-9.8
-8.82
-7.84
8.82
9.8
10.78
11.76
35.28
36.26
37.24
38.22
39.2
40.18
41.16
42.14
43.12
-11.76
-10.78
-9.8
-8.82
-7.84
8.82
9.8
10.78
11.76
12.74
-11.76
-10.78
-9.8
-8.82
9.8
10.78
11.76
12.74
-12.74
-11.76
-10.78
-9.8
-8.82
9.8
10.78
11.76
12.74
-12.74
-11.76
-10.78
-9.8
-8.82
10.78
11.76
12.74
13.72
-12.74
-11.76
-10.78
-9.8
-8.82
10.78
11.76
12.74
13.72
-13.72
-12.74
-11.76
-10.78
-9.8
-8.82
11.76
12.74
13.72
-13.72
-12.74
-11.76
-10.78
-9.8
-8.82
11.76
12.74
13.72
-13.72
-12.74
-11.76
-10.78
-9.8
-8.82
11.76
12.74
13.72
-13.72
-12.74
-11.76
-10.78
-9.8
-8.82
11.76
12.74
13.72
-13.72
-12.74
-11.76
-10.78
-9.8
-8.82
11.76
12.74
13.72
-13.72
-12.74
-11.76
-10.78
-9.8
-8.82
11.76
12.74
13.72
-12.74
-11.76
-10.78
-9.8
-8.82
-7.84
11.76
12.74
13.72
-12.74
-11.76
-10.78
-9.8
-8.82
-7.84
-6.86
11.76
12.74
13.72
-11.76
-10.78
-9.8
-8.82
-7.84
-6.86
-5.88
11.76
12.74
13.72
-11.76
-10.78
-9.8
-8.82
-7.84
-6.86
-5.88
-4.9
11.76
12.74
13.72
-10.78
-9.8
-8.82
-7.84
-6.86
-5.88
-4.9
-3.92
10.78
11.76
12.74
-9.8
-8.82
-7.84
-6.86
-5.88
-4.9
-3.92
-2.94
10.78
11.76
12.74
-9.8
-8.82
-7.84
-6.86
-5.88
-4.9
-3.92
-2.94
-1.96
-0.98
0
9.8
10.78
11.76
12.74
-9.8
-8.82
-7.84
-6.86
-5.88
-4.9
-3.92
-2.94
-1.96
-0.98
0
0.98
1.96
2.94
3.92
7.84
8.82
9.8
10.78
11.76
-8.82
-7.84
-6.86
-5.88
-4.9
-3.92
-2.94
-1.96
-0.98
0
0.98
1.96
2.94
3.92
4.9
5.88
6.86
7.84
8.82
9.8
10.78
11.76
-8.82
-7.84
-6.86
-5.88
-4.9
-3.92
-2.94
-1.96
-0.98
0
0.98
1.96
2.94
3.92
4.9
5.88
6.86
7.84
8.82
9.8
10.78
-8.82
-7.84
-6.86
-5.88
-4.9
-3.92
-2.94
1.96
2.94
3.92
4.9
5.88
6.86
7.84
8.82
9.8
10.78
-9.8
-8.82
-7.84
-6.86
-5.88
-4.9
-3.92
3.92
4.9
5.88
6.86
7.84
8.82
9.8
10.78
-9.8
-8.82
-7.84
-6.86
-5.88
-4.9
-3.92
3.92
4.9
5.88
6.86
7.84
8.82
9.8
-8.82
-7.84
-6.86
-5.88
-4.9
4.9
5.88
6.86
7.84
8.82
9.8
-8.82
-7.84
-6.86
-5.88
-4.9
4.9
5.88
6.86
7.84
8.82
9.8
-8.82
-7.84
-6.86
-5.88
5.88
6.86
7.84
8.82
9.8
-7.84
-6.86
-5.88
5.88
6.86
7.84
8.82
6.86
7.84
8.82
6.86
7.84
-20.58
-19.6
-18.62
-17.64
-16.66
-15.68
-14.7
-13.72
14.7
15.68
16.66
17.64
18.62
19.6
-26.46
-25.48
-24.5
-23.52
-22.54
-21.56
-12.74
-11.76
-10.78
10.78
11.76
12.74
13.72
20.58
21.56
22.54
23.52
24.5
25.48
-29.4
-28.42
-27.44
-9.8
-8.82
8.82
9.8
26.46
27.44
28.42
-31.36
-30.38
-7.84
7.84
29.4
30.38
31.36
-33.32
-32.34
-6.86
6.86
32.34
33.32
-35.28
-34.3
-5.88
5.88
34.3
35.28
-37.24
-36.26
-5.88
4.9
36.26
-38.22
-4.9
3.92
37.24
38.22
-40.18
-39.2
-3.92
3.92
39.2
-41.16
-2.94
-1.96
2.94
40.18
41.16
-42.14
-0.98
0
0.98
1.96
42.14
-43.12
43.12
-44.1
44.1
-45.08
44.1
-45.08
45.08
-46.06
46.06
-47.04
47.04
-47.04
47.04
-48.02
48.02
-48.02
49
-49
49
-49
49.98
-49.98
50.96
-49.98
50.96
-49.98
51.94
-50.96
51.94
-50.96
52.92
-51.94
52.92
-51.94
53.9
-51.94
53.9
-51.94
53.9
-52.92
53.9
-52.92
54.88
-52.92
54.88
-52.92
54.88
-52.92
54.88
-52.92
55.86
-52.92
55.86
-53.9
55.86
-53.9
56.84
-54.88
56.84
-55.86
-54.88
56.84
-56.84
-55.86
57.82
-58.8
-57.82
-56.84
57.82
-58.8
-57.82
58.8
-59.78
-58.8
59.78
-60.76
-59.78
59.78
-60.76
-59.78
60.76
-60.76
61.74
-60.76
62.72
-60.76
62.72
-61.74
-60.76
63.7
-61.74
-60.76
63.7
-61.74
63.7
-61.74
63.7
-61.74
63.7
-61.74
63.7
-61.74
63.7
-62.72
-61.74
63.7
-62.72
-61.74
62.72
63.7
-62.72
-61.74
62.72
63.7
-62.72
62.72
63.7
-62.72
62.72
63.7
-62.72
62.72
-63.7
62.72
63.7
-63.7
62.72
63.7
-64.68
63.7
-64.68
-20.58
63.7
-64.68
-20.58
-19.6
63.7
-65.66
-20.58
64.68
-65.66
64.68
-65.66
64.68
-66.64
65.66
-66.64
65.66
-66.64
65.66
-66.64
66.64
-66.64
66.64
-66.64
66.64
-66.64
66.64
-66.64
66.64
-66.64
66.64
-66.64
-0.98
0
0.98
1.96
2.94
11.76
12.74
13.72
14.7
66.64
-66.64
-12.74
-11.76
-10.78
-9.8
-8.82
-7.84
-6.86
-5.88
-4.9
-3.92
-2.94
-1.96
3.92
4.9
5.88
6.86
7.84
8.82
9.8
10.78
14.7
66.64
-65.66
-13.72
15.68
65.66
-65.66
-13.72
15.68
65.66
-65.66
-13.72
14.7
65.66
-65.66
-12.74
14.7
64.68
-65.66
-12.74
14.7
64.68
-64.68
-12.74
14.7
64.68
-64.68
-12.74
14.7
63.7
-64.68
-12.74
14.7
63.7
-64.68
-12.74
13.72
63.7
-64.68
-12.74
13.72
63.7
-63.7
-12.74
14.7
63.7
-63.7
-13.72
14.7
63.7
-63.7
-13.72
14.7
62.72
-62.72
-14.7
14.7
62.72
-62.72
-14.7
15.68
62.72
-61.74
-15.68
15.68
62.72
-61.74
-16.66
16.66
61.74
-60.76
-17.64
16.66
61.74
-59.78
-18.62
17.64
61.74
-59.78
-19.6
18.62
19.6
60.76
-58.8
-20.58
20.58
60.76
-57.82
-20.58
21.56
59.78
-57.82
-20.58
22.54
59.78
-56.84
-21.56
-20.58
23.52
58.8
-55.86
-21.56
24.5
58.8
-54.88
-21.56
-6.86
-5.88
24.5
57.82
-54.88
-22.54
-21.56
-8.82
-7.84
-6.86
-5.88
-4.9
-3.92
24.5
57.82
-53.9
-23.52
-22.54
-10.78
-9.8
-8.82
-7.84
-6.86
-5.88
-4.9
-3.92
-2.94
25.48
56.84
-52.92
-24.5
-11.76
-10.78
-9.8
-8.82
-7.84
-4.9
-3.92
-2.94
-1.96
-0.98
0
25.48
56.84
-52.92
-27.44
-26.46
-25.48
-11.76
-10.78
-9.8
-8.82
-2.94
-1.96
-0.98
0
0.98
1.96
2.94
3.92
4.9
5.88
25.48
55.86
-51.94
-30.38
-29.4
-28.42
-12.74
-11.76
-10.78
-9.8
-8.82
-0.98
0
0.98
1.96
2.94
3.92
4.9
5.88
6.86
7.84
25.48
54.88
-51.94
-31.36
-12.74
-11.76
-10.78
-9.8
3.92
4.9
5.88
6.86
7.84
8.82
9.8
26.46
54.88
-50.96
-32.34
-12.74
-11.76
-10.78
-9.8
5.88
6.86
7.84
8.82
9.8
10.78
11.76
26.46
53.9
-49.98
-33.32
-13.72
-12.74
-11.76
-10.78
-9.8
7.84
8.82
9.8
10.78
11.76
12.74
27.44
52.92
-49
-35.28
-34.3
-13.72
-12.74
-11.76
-10.78
9.8
10.78
11.76
12.74
13.72
28.42
52.92
-48.02
-36.26
-13.72
-12.74
-11.76
-10.78
10.78
11.76
12.74
13.72
14.7
28.42
51.94
-47.04
-46.06
-45.08
-44.1
-39.2
-38.22
-37.24
-14.7
-13.72
-12.74
-11.76
11.76
12.74
13.72
14.7
29.4
30.38
49.98
50.96
-43.12
-42.14
-41.16
-40.18
-14.7
-13.72
-12.74
-11.76
12.74
13.72
14.7
31.36
48.02
49
-14.7
-13.72
-12.74
-11.76
12.74
13.72
14.7
32.34
33.32
34.3
45.08
46.06
47.04
-14.7
-13.72
-12.74
12.74
13.72
14.7
35.28
36.26
37.24
38.22
39.2
40.18
41.16
42.14
43.12
44.1
-15.68
-14.7
-13.72
-12.74
13.72
14.7
-15.68
-14.7
-13.72
-12.74
13.72
14.7
15.68
-15.68
-14.7
-13.72
13.72
14.7
15.68
-15.68
-14.7
-13.72
14.7
15.68
-15.68
-14.7
-13.72
14.7
15.68
-15.68
-14.7
14.7
15.68
-15.68
-14.7
14.7
15.68
-15.68
-14.7
14.7
15.68
-15.68
-14.7
14.7
15.68
-15.68
-14.7
14.7
15.68
-14.7
14.7
15.68
-14.7
-13.72
14.7
15.68
-14.7
-13.72
14.7
15.68
-14.7
-13.72
-12.74
14.7
15.68
-13.72
-12.74
14.7
15.68
-13.72
-12.74
-11.76
13.72
14.7
-12.74
-11.76
-10.78
13.72
14.7
-12.74
-11.76
-10.78
13.72
14.7
-11.76
-10.78
12.74
13.72
14.7
-11.76
-10.78
-9.8
12.74
13.72
-11.76
-10.78
-9.8
11.76
12.74
13.72
-11.76
-10.78
-9.8
-1.96
-0.98
0
0.98
11.76
12.74
13.72
-11.76
-10.78
-2.94
-1.96
-0.98
0
0.98
1.96
2.94
11.76
12.74
-11.76
-10.78
-2.94
-1.96
-0.98
0
0.98
1.96
2.94
10.78
11.76
12.74
-11.76
-10.78
-9.8
-3.92
-2.94
-1.96
-0.98
1.96
2.94
3.92
10.78
11.76
12.74
-11.76
-10.78
-9.8
-3.92
-2.94
-1.96
2.94
3.92
10.78
11.76
-10.78
-9.8
-4.9
-3.92
-2.94
2.94
3.92
4.9
10.78
11.76
-10.78
-9.8
-8.82
-4.9
-3.92
-2.94
3.92
4.9
9.8
10.78
11.76
-10.78
-9.8
-8.82
-7.84
-6.86
-5.88
-4.9
-3.92
3.92
4.9
5.88
9.8
10.78
-9.8
-8.82
-7.84
-6.86
-5.88
-4.9
-3.92
4.9
5.88
8.82
9.8
10.78
-8.82
-7.84
-6.86
-5.88
-4.9
4.9
5.88
6.86
7.84
8.82
9.8
-7.84
-6.86
-5.88
-4.9
4.9
5.88
6.86
7.84
8.82
9.8
5.88
6.86
7.84
15.68
16.66
17.64
18.62
-26.46
-25.48
-24.5
-23.52
-22.54
-21.56
-20.58
-19.6
-18.62
-17.64
-16.66
-15.68
-14.7
-13.72
-12.74
-11.76
11.76
12.74
13.72
14.7
19.6
20.58
21.56
22.54
23.52
24.5
25.48
-29.4
-28.42
-27.44
-10.78
-9.8
9.8
10.78
26.46
27.44
28.42
29.4
-31.36
-30.38
-8.82
7.84
8.82
30.38
31.36
-33.32
-32.34
-7.84
6.86
32.34
33.32
-35.28
-34.3
-6.86
5.88
34.3
35.28
-36.26
-5.88
5.88
36.26
-38.22
-37.24
-4.9
4.9
37.24
38.22
-39.2
-3.92
3.92
39.2
-40.18
-2.94
2.94
40.18
41.16
-41.16
-1.96
-0.98
0
0.98
1.96
42.14
-42.14
43.12
-43.12
44.1
-44.1
44.1
-45.08
45.08
-46.06
46.06
-46.06
46.06
-47.04
47.04
-47.04
48.02
-48.02
48.02
-48.02
49
-49
49.98
-49
49.98
-49.98
50.96
-49.98
50.96
-49.98
51.94
-50.96
51.94
-50.96
52.92
-50.96
52.92
-51.94
53.9
-51.94
53.9
-51.94
53.9
-51.94
53.9
-51.94
54.88
-52.92
54.88
-52.92
54.88
-52.92
55.86
-53.9
55.86
-53.9
56.84
-54.88
56.84
-56.84
-55.86
57.82
-57.82
-56.84
57.82
-58.8
-57.82
58.8
-59.78
58.8
-60.76
-59.78
59.78
-60.76
60.76
-61.74
60.76
-61.74
61.74
-61.74
62.72
-61.74
62.72
-62.72
-61.74
63.7
-62.72
63.7
-62.72
64.68
-62.72
64.68
-62.72
64.68
-62.72
64.68
-63.7
-62.72
64.68
-63.7
-62.72
64.68
-63.7
64.68
-63.7
64.68
-63.7
64.68
-63.7
64.68
-63.7
64.68
-63.7
63.7
64.68
-64.68
64.68
-64.68
64.68
-64.68
64.68
-65.66
64.68
-65.66
64.68
-65.66
64.68
-66.64
65.66
-66.64
65.66
-66.64
65.66
-66.64
66.64
-66.64
66.64
-66.64
66.64
-66.64
66.64
-66.64
66.64
-66.64
66.64
-66.64
66.64
-66.64
66.64
-66.64
-1.96
-0.98
0
0.98
1.96
2.94
3.92
66.64
-66.64
-10.78
-9.8
-6.86
-5.88
-4.9
-3.92
-2.94
4.9
5.88
6.86
7.84
8.82
9.8
10.78
11.76
12.74
13.72
66.64
-66.64
-12.74
-11.76
-8.82
-7.84
13.72
14.7
66.64
-66.64
-12.74
14.7
65.66
-65.66
-12.74
14.7
65.66
-65.66
-12.74
14.7
65.66
-65.66
-12.74
14.7
64.68
-65.66
-12.74
13.72
64.68
-65.66
-12.74
13.72
64.68
-64.68
-12.74
13.72
63.7
-64.68
-12.74
13.72
63.7
-64.68
-12.74
13.72
63.7
-64.68
-12.74
13.72
63.7
-63.7
-13.72
13.72
63.7
-63.7
-13.72
14.7
63.7
-62.72
-14.7
14.7
62.72
-62.72
-14.7
15.68
62.72
-61.74
-15.68
15.68
62.72
-61.74
-16.66
16.66
62.72
-60.76
-17.64
16.66
61.74
-59.78
-18.62
17.64
61.74
-58.8
-18.62
18.62
60.76
-58.8
-19.6
-18.62
19.6
60.76
-57.82
-19.6
-18.62
20.58
21.56
60.76
-56.84
-19.6
-18.62
22.54
59.78
-56.84
-19.6
-18.62
22.54
59.78
-55.86
-20.58
-19.6
-18.62
-17.64
-8.82
-7.84
-6.86
-5.88
-4.9
-3.92
23.52
58.8
-54.88
-20.58
-19.6
-18.62
-17.64
-16.66
-11.76
-10.78
-9.8
-8.82
-7.84
-4.9
-3.92
-2.94
23.52
58.8
-54.88
-20.58
-19.6
-18.62
-17.64
-16.66
-15.68
-14.7
-13.72
-12.74
-11.76
-10.78
-9.8
-2.94
-1.96
-0.98
2.94
3.92
4.9
5.88
6.86
7.84
23.52
57.82
-53.9
-21.56
-20.58
-19.6
-18.62
-17.64
-16.66
-15.68
-14.7
-13.72
-12.74
-11.76
-1.96
-0.98
0
0.98
1.96
2.94
3.92
4.9
5.88
6.86
7.84
8.82
22.54
23.52
24.5
56.84
-52.92
-23.52
-22.54
-21.56
-20.58
-19.6
-18.62
-17.64
-16.66
-15.68
-14.7
-13.72
-12.74
0.98
1.96
2.94
3.92
4.9
5.88
6.86
7.84
8.82
9.8
10.78
22.54
23.52
24.5
56.84
-52.92
-24.5
-23.52
-22.54
-21.56
-20.58
-19.6
-18.62
-17.64
-16.66
-15.68
-14.7
-13.72
-12.74
6.86
7.84
8.82
9.8
10.78
11.76
12.74
13.72
21.56
22.54
23.52
24.5
55.86
-51.94
-27.44
-26.46
-25.48
-24.5
-23.52
-17.64
-16.66
-15.68
-14.7
-13.72
8.82
9.8
10.78
11.76
12.74
13.72
14.7
15.68
16.66
21.56
22.54
23.52
24.5
55.86
-51.94
-31.36
-30.38
-29.4
-28.42
-27.44
-26.46
-17.64
-16.66
-15.68
-14.7
-13.72
10.78
11.76
12.74
13.72
14.7
15.68
16.66
17.64
18.62
21.56
22.54
23.52
24.5
25.48
54.88
-50.96
-32.34
-17.64
-16.66
-15.68
-14.7
-13.72
12.74
13.72
14.7
15.68
16.66
17.64
18.62
19.6
22.54
23.52
24.5
25.48
53.9
-49.98
-34.3
-33.32
-17.64
-16.66
-15.68
-14.7
13.72
14.7
15.68
16.66
17.64
18.62
19.6
23.52
24.5
25.48
26.46
53.9
-49
-35.28
-17.64
-16.66
-15.68
-14.7
14.7
15.68
16.66
17.64
18.62
19.6
24.5
25.48
26.46
27.44
52.92
-48.02
-47.04
-37.24
-36.26
-17.64
-16.66
-15.68
-14.7
15.68
16.66
17.64
18.62
19.6
25.48
26.46
27.44
51.94
-46.06
-45.08
-44.1
-43.12
-42.14
-41.16
-40.18
-39.2
-38.22
-17.64
-16.66
-15.68
15.68
16.66
17.64
18.62
27.44
28.42
49.98
50.96
-18.62
-17.64
-16.66
-15.68
15.68
16.66
17.64
18.62
28.42
29.4
30.38
48.02
49
-18.62
-17.64
-16.66
-15.68
15.68
16.66
17.64
18.62
31.36
32.34
33.32
45.08
46.06
47.04
-18.62
-17.64
-16.66
-15.68
15.68
16.66
17.64
18.62
34.3
35.28
36.26
37.24
38.22
39.2
40.18
41.16
42.14
43.12
44.1
-18.62
-17.64
-16.66
15.68
16.66
17.64
18.62
-18.62
-17.64
-16.66
16.66
17.64
-18.62
-17.64
-16.66
16.66
17.64
-18.62
-17.64
-16.66
16.66
17.64
-18.62
-17.64
-16.66
16.66
17.64
-18.62
-17.64
-16.66
16.66
17.64
-17.64
-16.66
16.66
17.64
-17.64
-16.66
16.66
17.64
-17.64
-16.66
16.66
17.64
-16.66
16.66
17.64
-16.66
-15.68
16.66
17.64
-16.66
-15.68
16.66
-15.68
16.66
-15.68
16.66
-15.68
-14.7
16.66
-14.7
15.68
16.66
-14.7
-13.72
15.68
16.66
-14.7
-13.72
15.68
16.66
-13.72
-12.74
15.68
16.66
-13.72
-12.74
14.7
15.68
16.66
-13.72
-12.74
14.7
15.68
-13.72
-12.74
14.7
15.68
-12.74
13.72
14.7
15.68
-12.74
13.72
14.7
15.68
-12.74
0
0.98
13.72
14.7
-12.74
-0.98
0
0.98
1.96
12.74
13.72
14.7
-12.74
-11.76
-1.96
-0.98
0
0.98
1.96
12.74
13.72
-12.74
-11.76
-1.96
-0.98
0
0.98
1.96
2.94
12.74
13.72
-11.76
-2.94
-1.96
1.96
2.94
11.76
12.74
-11.76
-10.78
-2.94
-1.96
2.94
3.92
11.76
12.74
-10.78
-9.8
-3.92
-2.94
-1.96
2.94
3.92
10.78
11.76
-10.78
-9.8
-8.82
-3.92
-2.94
3.92
10.78
11.76
-8.82
-7.84
-6.86
-5.88
-4.9
-3.92
3.92
4.9
8.82
9.8
10.78
-7.84
-6.86
-5.88
-4.9
4.9
5.88
6.86
7.84
8.82
9.8
5.88
6.86
7.84
8.82
-26.46
-25.48
-24.5
-23.52
-22.54
-21.56
-20.58
-19.6
-18.62
-17.64
-16.66
-15.68
-14.7
-13.72
-12.74
11.76
12.74
13.72
14.7
15.68
16.66
17.64
18.62
19.6
20.58
21.56
22.54
23.52
24.5
25.48
26.46
-28.42
-27.44
-11.76
-10.78
9.8
10.78
27.44
28.42
29.4
-31.36
-30.38
-29.4
-9.8
-8.82
8.82
30.38
31.36
-33.32
-32.34
-7.84
7.84
32.34
33.32
-34.3
-6.86
6.86
34.3
35.28
-36.26
-35.28
-5.88
5.88
36.26
-37.24
-4.9
4.9
37.24
38.22
-39.2
-38.22
-3.92
3.92
39.2
-40.18
-2.94
2.94
40.18
41.16
-41.16
-1.96
-0.98
0
0.98
1.96
42.14
-42.14
43.12
-43.12
44.1
-44.1
44.1
-45.08
45.08
-45.08
46.06
-46.06
46.06
-46.06
47.04
-47.04
48.02
-47.04
48.02
-48.02
49
-48.02
49
-49
49.98
-49
49.98
-49
50.96
-49.98
50.96
-49.98
51.94
-50.96
51.94
-50.96
52.92
-50.96
52.92
-51.94
53.9
-51.94
53.9
-51.94
53.9
-51.94
54.88
-52.92
54.88
-52.92
55.86
-52.92
55.86
-53.9
56.84
-55.86
-54.88
56.84
-56.84
-55.86
57.82
-58.8
-57.82
57.82
-59.78
-58.8
58.8
-60.76
-59.78
59.78
-60.76
59.78
-61.74
60.76
-61.74
60.76
-62.72
61.74
-62.72
62.72
-62.72
62.72
-62.72
63.7
-63.7
63.7
-63.7
64.68
-63.7
64.68
-63.7
64.68
-63.7
65.66
-63.7
65.66
-64.68
65.66
-64.68
65.66
-64.68
65.66
-64.68
65.66
-64.68
65.66
-64.68
65.66
-64.68
65.66
-64.68
65.66
-64.68
65.66
-65.66
65.66
-65.66
65.66
-65.66
65.66
-65.66
65.66
-66.64
65.66
-66.64
66.64
-66.64
66.64
-66.64
66.64
-66.64
66.64
-66.64
66.64
-67.62
66.64
-67.62
67.62
-67.62
67.62
-67.62
67.62
-67.62
67.62
-67.62
0.98
67.62
-67.62
-2.94
-1.96
-0.98
0
1.96
2.94
3.92
4.9
67.62
-66.64
-5.88
-4.9
-3.92
5.88
6.86
7.84
8.82
9.8
66.64
-66.64
-10.78
-9.8
-8.82
-7.84
-6.86
10.78
11.76
12.74
66.64
-66.64
-11.76
13.72
66.64
-66.64
-11.76
13.72
66.64
-66.64
-11.76
13.72
65.66
-65.66
-11.76
13.72
65.66
-65.66
-11.76
13.72
64.68
-65.66
-11.76
13.72
64.68
-65.66
-11.76
13.72
64.68
-65.66
-12.74
13.72
64.68
-64.68
-12.74
13.72
63.7
-64.68
-12.74
13.72
63.7
-63.7
-13.72
13.72
63.7
-63.7
-13.72
14.7
63.7
-62.72
-14.7
14.7
63.7
-62.72
-14.7
15.68
62.72
-61.74
-15.68
15.68
62.72
-60.76
-16.66
16.66
62.72
-60.76
-16.66
16.66
61.74
-59.78
-17.64
17.64
61.74
-58.8
-17.64
18.62
61.74
-58.8
-17.64
19.6
60.76
-57.82
-17.64
-16.66
19.6
60.76
-56.84
-17.64
-16.66
-15.68
20.58
21.56
59.78
-56.84
-17.64
-16.66
-15.68
-14.7
-13.72
-9.8
-8.82
-7.84
-6.86
-5.88
-4.9
-3.92
5.88
6.86
7.84
20.58
21.56
59.78
-55.86
-16.66
-15.68
-14.7
-13.72
-12.74
-11.76
-10.78
-9.8
-2.94
-1.96
3.92
4.9
5.88
6.86
7.84
8.82
20.58
21.56
22.54
58.8
-54.88
-15.68
-14.7
-13.72
-12.74
-1.96
-0.98
0
0.98
1.96
2.94
3.92
4.9
5.88
6.86
7.84
8.82
9.8
19.6
20.58
21.56
22.54
58.8
-54.88
0
0.98
1.96
8.82
9.8
10.78
11.76
17.64
18.62
19.6
20.58
21.56
22.54
57.82
-53.9
9.8
10.78
11.76
12.74
13.72
14.7
15.68
16.66
17.64
18.62
19.6
20.58
21.56
57.82
-53.9
11.76
12.74
13.72
14.7
15.68
16.66
17.64
18.62
19.6
20.58
21.56
56.84
-52.92
14.7
15.68
16.66
17.64
18.62
19.6
20.58
56.84
-51.94
-22.54
-21.56
-20.58
-19.6
-18.62
17.64
18.62
19.6
20.58
55.86
-51.94
-25.48
-24.5
-23.52
-22.54
-21.56
-20.58
-19.6
-18.62
19.6
20.58
54.88
-50.96
-31.36
-30.38
-29.4
-28.42
-27.44
-26.46
-25.48
-24.5
-23.52
-22.54
-21.56
-20.58
-19.6
-18.62
20.58
21.56
54.88
-49.98
-33.32
-32.34
-30.38
-29.4
-28.42
-27.44
-26.46
-25.48
-24.5
-23.52
-22.54
-21.56
-20.58
-19.6
-18.62
20.58
21.56
22.54
53.9
-49
-35.28
-34.3
-26.46
-25.48
-24.5
-23.52
-22.54
-21.56
-20.58
-19.6
-18.62
20.58
21.56
22.54
23.52
52.92
-48.02
-47.04
-46.06
-38.22
-37.24
-36.26
-24.5
-23.52
-22.54
-21.56
-20.58
-19.6
-18.62
20.58
21.56
22.54
23.52
24.5
51.94
-45.08
-44.1
-43.12
-42.14
-41.16
-40.18
-39.2
-23.52
-22.54
-21.56
-20.58
-19.6
-18.62
19.6
20.58
21.56
22.54
23.52
24.5
25.48
26.46
49.98
50.96
-23.52
-22.54
-21.56
-20.58
-19.6
19.6
20.58
21.56
22.54
23.52
24.5
25.48
26.46
27.44
48.02
49
-23.52
-22.54
-21.56
-20.58
-19.6
19.6
20.58
21.56
22.54
23.52
24.5
25.48
26.46
27.44
28.42
29.4
30.38
46.06
47.04
-23.52
-22.54
-21.56
-20.58
-19.6
19.6
20.58
21.56
22.54
23.52
24.5
25.48
26.46
27.44
28.42
29.4
30.38
31.36
32.34
33.32
34.3
35.28
36.26
37.24
38.22
39.2
40.18
41.16
42.14
43.12
44.1
45.08
-23.52
-22.54
-21.56
-20.58
-19.6
19.6
20.58
21.56
22.54
23.52
24.5
25.48
26.46
27.44
28.42
29.4
30.38
-23.52
-22.54
-21.56
-20.58
-19.6
18.62
19.6
20.58
21.56
22.54
23.52
24.5
25.48
26.46
27.44
-23.52
-22.54
-21.56
-20.58
-19.6
18.62
19.6
20.58
21.56
22.54
23.52
-22.54
-21.56
-20.58
-19.6
18.62
19.6
20.58
21.56
-22.54
-21.56
-20.58
-19.6
18.62
19.6
20.58
-21.56
-20.58
-19.6
18.62
19.6
-20.58
-19.6
-18.62
18.62
19.6
-19.6
-18.62
18.62
19.6
-19.6
-18.62
18.62
19.6
-18.62
-17.64
18.62
-18.62
-17.64
18.62
-17.64
17.64
18.62
-17.64
-16.66
17.64
18.62
-17.64
-16.66
17.64
18.62
-16.66
17.64
18.62
-16.66
-15.68
17.64
18.62
-15.68
17.64
-15.68
17.64
-15.68
-14.7
17.64
-14.7
17.64
-14.7
16.66
17.64
-14.7
16.66
17.64
-14.7
-13.72
16.66
17.64
-14.7
-13.72
16.66
17.64
-14.7
-13.72
15.68
16.66
17.64
-13.72
15.68
16.66
-13.72
14.7
15.68
16.66
-13.72
14.7
15.68
-13.72
-12.74
-0.98
0
0.98
13.72
14.7
15.68
-12.74
-0.98
0
0.98
1.96
13.72
14.7
-12.74
-11.76
-0.98
0
0.98
1.96
12.74
13.72
-11.76
-1.96
-0.98
1.96
2.94
12.74
13.72
-10.78
-9.8
-2.94
-1.96
2.94
11.76
12.74
-9.8
-8.82
-3.92
-2.94
2.94
3.92
10.78
11.76
-8.82
-7.84
-6.86
-5.88
-4.9
-3.92
3.92
4.9
9.8
10.78
5.88
6.86
7.84
8.82
9.8
-25.48
-24.5
-23.52
-22.54
-21.56
-20.58
-19.6
-18.62
-17.64
-16.66
-15.68
-14.7
-13.72
-12.74
12.74
13.72
14.7
15.68
16.66
17.64
18.62
19.6
20.58
21.56
22.54
23.52
24.5
25.48
26.46
27.44
-28.42
-27.44
-26.46
-11.76
-10.78
9.8
10.78
11.76
28.42
29.4
30.38
-30.38
-29.4
-9.8
-8.82
8.82
31.36
32.34
-32.34
-31.36
-7.84
7.84
33.32
34.3
-34.3
-33.32
-6.86
6.86
35.28
-36.26
-35.28
-6.86
5.88
36.26
37.24
-37.24
-5.88
5.88
38.22
-38.22
-4.9
-3.92
4.9
39.2
40.18
-40.18
-39.2
-2.94
3.92
41.16
-41.16
-1.96
-0.98
0
0.98
1.96
2.94
42.14
-42.14
43.12
-43.12
44.1
-43.12
44.1
-44.1
45.08
-45.08
46.06
-45.08
46.06
-46.06
47.04
-47.04
47.04
-47.04
48.02
-47.04
48.02
-48.02
49
-48.02
49
-49
49.98
-49
50.96
-49
50.96
-49.98
51.94
-49.98
51.94
-50.96
52.92
-50.96
52.92
-50.96
52.92
-51.94
53.9
-51.94
53.9
-51.94
54.88
-52.92
54.88
-52.92
55.86
-53.9
56.84
-55.86
-54.88
56.84
-56.84
57.82
-58.8
-57.82
58.8
-59.78
58.8
-60.76
59.78
-60.76
59.78
-61.74
60.76
-62.72
60.76
-62.72
61.74
-62.72
61.74
-63.7
62.72
-63.7
63.7
-63.7
63.7
-63.7
64.68
-64.68
64.68
-64.68
65.66
-64.68
65.66
-64.68
65.66
-64.68
65.66
-64.68
65.66
-64.68
66.64
-65.66
66.64
-65.66
66.64
-65.66
66.64
-65.66
66.64
-65.66
66.64
-65.66
66.64
-65.66
66.64
-65.66
66.64
-65.66
66.64
-65.66
66.64
-66.64
66.64
-66.64
66.64
-66.64
66.64
-66.64
66.64
-66.64
67.62
-66.64
67.62
-67.62
67.62
-67.62
67.62
-67.62
67.62
-67.62
67.62
-67.62
67.62
-67.62
67.62
-67.62
-0.98
0
0.98
1.96
67.62
-67.62
-2.94
-1.96
2.94
3.92
4.9
67.62
-67.62
-4.9
-3.92
5.88
6.86
7.84
67.62
-67.62
-8.82
-7.84
-6.86
-5.88
8.82
9.8
10.78
67.62
-66.64
-10.78
-9.8
11.76
12.74
66.64
-66.64
-10.78
12.74
66.64
-66.64
-11.76
12.74
66.64
-66.64
-11.76
13.72
65.66
-66.64
-11.76
13.72
65.66
-65.66
-11.76
13.72
65.66
-65.66
-11.76
13.72
64.68
-65.66
-11.76
13.72
64.68
-64.68
-12.74
13.72
64.68
-64.68
-12.74
13.72
64.68
-64.68
-13.72
13.72
63.7
-63.7
-13.72
14.7
63.7
-62.72
-14.7
14.7
63.7
-62.72
-14.7
15.68
63.7
-61.74
-15.68
15.68
62.72
-60.76
-16.66
16.66
62.72
-59.78
-16.66
16.66
62.72
-59.78
-16.66
17.64
61.74
-58.8
-16.66
17.64
61.74
-57.82
-16.66
-15.68
18.62
60.76
-57.82
-15.68
-14.7
18.62
60.76
-56.84
-14.7
-13.72
-12.74
-11.76
-10.78
-9.8
-8.82
-7.84
-6.86
-5.88
-4.9
-3.92
4.9
5.88
6.86
7.84
18.62
19.6
59.78
-56.84
-12.74
-11.76
-10.78
-2.94
-1.96
3.92
4.9
8.82
9.8
18.62
19.6
59.78
-55.86
-0.98
0
0.98
1.96
2.94
9.8
10.78
11.76
16.66
17.64
18.62
19.6
58.8
-54.88
10.78
11.76
12.74
13.72
14.7
15.68
16.66
17.64
18.62
58.8
-54.88
12.74
13.72
14.7
15.68
16.66
57.82
-53.9
57.82
-53.9
56.84
-52.92
56.84
-51.94
55.86
-51.94
55.86
-50.96
54.88
-49.98
-31.36
53.9
-49
-48.02
-35.28
-34.3
-33.32
-32.34
-31.36
-30.38
-29.4
-28.42
-27.44
52.92
-47.04
-46.06
-38.22
-37.24
-36.26
-31.36
-30.38
-29.4
-28.42
-27.44
-26.46
-25.48
51.94
-45.08
-44.1
-43.12
-42.14
-41.16
-40.18
-39.2
-30.38
-29.4
-28.42
-27.44
-26.46
-25.48
-24.5
49.98
50.96
-29.4
-28.42
-27.44
-26.46
-25.48
-24.5
48.02
49
-29.4
-28.42
-27.44
-26.46
-25.48
-24.5
46.06
47.04
-29.4
-28.42
-27.44
-26.46
-25.48
-24.5
41.16
42.14
43.12
44.1
45.08
-28.42
-27.44
-26.46
-25.48
-24.5
31.36
32.34
33.32
34.3
35.28
36.26
37.24
38.22
39.2
40.18
-28.42
-27.44
-26.46
-25.48
-24.5
28.42
29.4
30.38
31.36
32.34
33.32
-28.42
-27.44
-26.46
-25.48
-24.5
24.5
25.48
26.46
27.44
28.42
29.4
30.38
31.36
32.34
-27.44
-26.46
-25.48
-24.5
-23.52
22.54
23.52
24.5
25.48
26.46
27.44
28.42
29.4
30.38
-27.44
-26.46
-25.48
-24.5
-23.52
21.56
22.54
23.52
24.5
25.48
26.46
27.44
-25.48
-24.5
-23.52
-22.54
20.58
21.56
22.54
23.52
24.5
-24.5
-23.52
-22.54
-21.56
20.58
21.56
22.54
-23.52
-22.54
-21.56
-20.58
20.58
21.56
-22.54
-21.56
-20.58
20.58
21.56
-21.56
-20.58
-19.6
19.6
20.58
-20.58
-19.6
19.6
20.58
-19.6
-18.62
19.6
20.58
-19.6
-18.62
19.6
-18.62
19.6
-18.62
-17.64
19.6
-17.64
19.6
-17.64
-16.66
18.62
19.6
-16.66
18.62
19.6
-16.66
18.62
-16.66
-15.68
18.62
-15.68
18.62
-15.68
18.62
-15.68
18.62
19.6
-15.68
18.62
19.6
-15.68
18.62
19.6
-15.68
-14.7
17.64
18.62
-14.7
17.64
18.62
-14.7
16.66
17.64
18.62
-14.7
16.66
17.64
18.62
-13.72
15.68
16.66
17.64
-13.72
14.7
15.68
16.66
-13.72
-12.74
0
0.98
14.7
15.68
-12.74
-11.76
-0.98
0
0.98
1.96
13.72
14.7
-11.76
-10.78
-1.96
-0.98
0
1.96
12.74
13.72
-10.78
-9.8
-2.94
-1.96
2.94
11.76
12.74
-8.82
-7.84
-6.86
-5.88
-4.9
-3.92
-2.94
3.92
4.9
10.78
11.76
-5.88
4.9
5.88
6.86
7.84
8.82
9.8
-26.46
-25.48
-24.5
-23.52
-22.54
-21.56
-20.58
-19.6
-18.62
-17.64
-16.66
-15.68
-14.7
-13.72
-12.74
12.74
13.72
14.7
15.68
16.66
17.64
18.62
19.6
20.58
21.56
22.54
23.52
24.5
25.48
26.46
27.44
28.42
29.4
-28.42
-27.44
-11.76
-10.78
-9.8
9.8
10.78
11.76
30.38
31.36
-30.38
-29.4
-8.82
8.82
32.34
33.32
-32.34
-31.36
-7.84
7.84
34.3
-34.3
-33.32
-6.86
6.86
35.28
36.26
-35.28
-6.86
6.86
37.24
-37.24
-36.26
-5.88
5.88
38.22
39.2
-38.22
-4.9
-3.92
4.9
40.18
-39.2
-2.94
3.92
41.16
42.14
-40.18
-1.96
-0.98
0
0.98
1.96
2.94
43.12
-42.14
-41.16
43.12
-42.14
44.1
-43.12
45.08
-44.1
45.08
-45.08
46.06
-45.08
46.06
-46.06
47.04
-46.06
47.04
-47.04
48.02
-47.04
48.02
-47.04
49
-48.02
49
-48.02
49.98
-49
49.98
-49
50.96
-49.98
50.96
-49.98
51.94
-50.96
51.94
-50.96
52.92
-50.96
53.9
-51.94
53.9
-51.94
54.88
-52.92
54.88
-52.92
55.86
-53.9
56.84
-55.86
-54.88
56.84
-56.84
57.82
-58.8
-57.82
58.8
-59.78
58.8
-60.76
59.78
-61.74
59.78
-61.74
60.76
-62.72
60.76
-62.72
61.74
-63.7
61.74
-63.7
62.72
-63.7
63.7
-64.68
63.7
-64.68
64.68
-64.68
64.68
-64.68
65.66
-64.68
65.66
-65.66
65.66
-65.66
66.64
-65.66
66.64
-65.66
66.64
-65.66
66.64
-65.66
66.64
-65.66
66.64
-65.66
66.64
-65.66
66.64
-65.66
67.62
-65.66
67.62
-66.64
67.62
-66.64
67.62
-66.64
67.62
-66.64
67.62
-66.64
67.62
-66.64
67.62
-66.64
67.62
-66.64
67.62
-66.64
67.62
-67.62
67.62
-67.62
67.62
-67.62
67.62
-67.62
67.62
-67.62
67.62
-67.62
67.62
-67.62
67.62
-67.62
-0.98
0
0.98
1.96
2.94
67.62
-67.62
-2.94
-1.96
3.92
4.9
67.62
-67.62
-4.9
-3.92
5.88
6.86
67.62
-67.62
-6.86
-5.88
7.84
8.82
9.8
67.62
-67.62
-8.82
-7.84
10.78
67.62
-66.64
-9.8
11.76
66.64
-66.64
-10.78
12.74
66.64
-66.64
-10.78
12.74
66.64
-66.64
-11.76
12.74
65.66
-66.64
-11.76
12.74
65.66
-65.66
-11.76
12.74
65.66
-65.66
-11.76
12.74
64.68
-65.66
-12.74
13.72
64.68
-64.68
-12.74
13.72
64.68
-64.68
-13.72
13.72
64.68
-63.7
-13.72
14.7
63.7
-62.72
-14.7
14.7
63.7
-62.72
-15.68
15.68
63.7
-61.74
-15.68
15.68
63.7
-60.76
-15.68
16.66
62.72
-59.78
-15.68
16.66
62.72
-58.8
-15.68
17.64
61.74
-58.8
-15.68
-14.7
17.64
61.74
-57.82
-14.7
-13.72
17.64
60.76
-57.82
-13.72
-12.74
-11.76
-10.78
-9.8
-8.82
-7.84
-6.86
-5.88
-4.9
4.9
5.88
6.86
7.84
8.82
17.64
60.76
-56.84
-3.92
-2.94
3.92
8.82
9.8
10.78
16.66
17.64
59.78
-56.84
-1.96
-0.98
2.94
10.78
11.76
12.74
13.72
14.7
15.68
16.66
17.64
59.78
-55.86
0
0.98
1.96
12.74
13.72
14.7
15.68
58.8
-55.86
58.8
-54.88
57.82
-53.9
57.82
-53.9
56.84
-52.92
56.84
-51.94
55.86
-50.96
55.86
-49.98
54.88
-49
53.9
-48.02
-47.04
52.92
-46.06
-45.08
-44.1
-39.2
-38.22
-37.24
-36.26
-35.28
-34.3
-33.32
-32.34
51.94
-43.12
-42.14
-41.16
-40.18
-33.32
-32.34
-31.36
49.98
50.96
-32.34
-31.36
-30.38
48.02
49
-32.34
-31.36
-30.38
46.06
47.04
-31.36
-30.38
42.14
43.12
44.1
45.08
-31.36
-30.38
-29.4
38.22
39.2
40.18
41.16
-31.36
-30.38
-29.4
34.3
35.28
36.26
37.24
-31.36
-30.38
-29.4
33.32
34.3
35.28
-31.36
-30.38
-29.4
-28.42
31.36
32.34
33.32
34.3
-30.38
-29.4
-28.42
28.42
29.4
30.38
31.36
32.34
-30.38
-29.4
-28.42
-27.44
-26.46
25.48
26.46
27.44
28.42
29.4
30.38
31.36
-29.4
-28.42
-27.44
-26.46
-25.48
23.52
24.5
25.48
26.46
27.44
28.42
-27.44
-26.46
-25.48
-24.5
22.54
23.52
24.5
25.48
-26.46
-25.48
-24.5
-23.52
22.54
23.52
24.5
-25.48
-24.5
-23.52
-22.54
21.56
22.54
23.52
-23.52
-22.54
-21.56
21.56
22.54
-22.54
-21.56
-20.58
21.56
22.54
-21.56
-20.58
20.58
21.56
-20.58
-19.6
20.58
21.56
-19.6
20.58
-19.6
-18.62
20.58
-18.62
20.58
-18.62
-17.64
20.58
-17.64
19.6
20.58
-17.64
19.6
20.58
-17.64
-16.66
19.6
20.58
-17.64
-16.66
19.6
20.58
-17.64
-16.66
20.58
-16.66
20.58
-16.66
20.58
-16.66
19.6
20.58
21.56
-16.66
-15.68
19.6
20.58
21.56
-15.68
19.6
20.58
21.56
-15.68
19.6
20.58
21.56
-15.68
-14.7
18.62
19.6
20.58
21.56
-14.7
17.64
18.62
19.6
20.58
-14.7
16.66
17.64
18.62
19.6
-13.72
15.68
16.66
17.64
-13.72
-12.74
0.98
14.7
15.68
-11.76
-0.98
0
0.98
1.96
13.72
14.7
-10.78
-9.8
-1.96
-0.98
2.94
12.74
-8.82
-7.84
-6.86
-5.88
-4.9
-3.92
-2.94
3.92
10.78
11.76
4.9
5.88
6.86
7.84
8.82
9.8
-24.5
-23.52
-22.54
-21.56
-20.58
-19.6
-18.62
-17.64
-16.66
-15.68
-27.44
-26.46
-25.48
-14.7
-13.72
-12.74
-11.76
-10.78
11.76
12.74
13.72
14.7
15.68
16.66
17.64
18.62
19.6
20.58
21.56
22.54
23.52
24.5
25.48
26.46
27.44
28.42
29.4
30.38
31.36
-29.4
-28.42
-9.8
9.8
10.78
32.34
33.32
-31.36
-30.38
-8.82
-7.84
8.82
34.3
-33.32
-32.34
-7.84
7.84
35.28
-34.3
-6.86
6.86
36.26
-36.26
-35.28
-5.88
6.86
37.24
38.22
-37.24
-4.9
5.88
39.2
40.18
-38.22
-3.92
4.9
41.16
-39.2
-2.94
3.92
42.14
43.12
-41.16
-40.18
-1.96
-0.98
0
0.98
1.96
2.94
43.12
-42.14
44.1
-43.12
45.08
-43.12
45.08
-44.1
45.08
-45.08
46.06
-45.08
46.06
-46.06
47.04
-46.06
47.04
-47.04
47.04
-47.04
48.02
-47.04
48.02
-48.02
49
-48.02
49.98
-49
49.98
-49
50.96
-49.98
50.96
-49.98
51.94
-50.96
52.92
-50.96
52.92
-51.94
53.9
-51.94
54.88
-52.92
54.88
-52.92
55.86
-53.9
56.84
-54.88
57.82
-56.84
-55.86
57.82
-58.8
-57.82
58.8
-59.78
59.78
-60.76
59.78
-60.76
60.76
-61.74
60.76
-62.72
61.74
-62.72
61.74
-63.7
61.74
-63.7
62.72
-63.7
62.72
-64.68
63.7
-64.68
64.68
-64.68
64.68
-65.66
65.66
-65.66
65.66
-65.66
65.66
-65.66
66.64
-65.66
66.64
-65.66
66.64
-65.66
66.64
-66.64
67.62
-66.64
67.62
-66.64
67.62
-66.64
67.62
-66.64
67.62
-66.64
67.62
-66.64
67.62
-66.64
68.6
-66.64
68.6
-66.64
68.6
-66.64
68.6
-66.64
68.6
-66.64
68.6
-66.64
68.6
-66.64
68.6
-66.64
68.6
-67.62
68.6
-67.62
68.6
-67.62
68.6
-67.62
68.6
-67.62
68.6
-67.62
68.6
-67.62
0.98
68.6
-67.62
-0.98
0
1.96
2.94
68.6
-67.62
-2.94
-1.96
3.92
68.6
-67.62
-3.92
4.9
5.88
67.62
-67.62
-5.88
-4.9
6.86
7.84
67.62
-67.62
-7.84
-6.86
8.82
9.8
67.62
-67.62
-8.82
10.78
67.62
-66.64
-9.8
11.76
66.64
-66.64
-10.78
12.74
66.64
-66.64
-10.78
12.74
66.64
-66.64
-11.76
12.74
65.66
-65.66
-11.76
12.74
65.66
-65.66
-11.76
12.74
65.66
-65.66
-12.74
13.72
64.68
-64.68
-12.74
13.72
64.68
-64.68
-13.72
13.72
64.68
-63.7
-13.72
14.7
64.68
-62.72
-14.7
14.7
63.7
-61.74
-15.68
15.68
63.7
-60.76
-15.68
15.68
63.7
-59.78
-15.68
16.66
62.72
-58.8
-15.68
16.66
62.72
-58.8
-14.7
16.66
61.74
-57.82
-13.72
16.66
61.74
-57.82
-12.74
-11.76
-10.78
-9.8
-8.82
-7.84
-6.86
-5.88
5.88
6.86
7.84
16.66
60.76
-57.82
-4.9
-3.92
4.9
8.82
9.8
10.78
11.76
14.7
15.68
16.66
60.76
-56.84
-2.94
3.92
11.76
12.74
13.72
14.7
15.68
59.78
-56.84
-1.96
-0.98
1.96
2.94
59.78
-55.86
0
0.98
58.8
-55.86
58.8
-54.88
57.82
-53.9
57.82
-53.9
56.84
-52.92
56.84
-51.94
55.86
-50.96
55.86
-49.98
54.88
-49
53.9
-48.02
-47.04
52.92
-46.06
-45.08
-44.1
-43.12
-42.14
-41.16
-40.18
-39.2
-38.22
-37.24
50.96
51.94
-36.26
-35.28
-34.3
49.98
-34.3
-33.32
48.02
49
-34.3
-33.32
46.06
47.04
-33.32
-32.34
43.12
44.1
45.08
-33.32
-32.34
41.16
42.14
-33.32
-32.34
38.22
39.2
40.18
-33.32
-32.34
36.26
37.24
38.22
-33.32
-32.34
35.28
36.26
-33.32
-32.34
-31.36
33.32
34.3
35.28
-33.32
-32.34
-31.36
32.34
33.32
34.3
-33.32
-32.34
-31.36
-30.38
29.4
30.38
31.36
32.34
33.32
-32.34
-31.36
-30.38
-29.4
-28.42
26.46
27.44
28.42
29.4
30.38
31.36
-30.38
-29.4
-28.42
-27.44
25.48
26.46
27.44
28.42
-29.4
-28.42
-27.44
-26.46
24.5
25.48
26.46
-27.44
-26.46
-25.48
-24.5
23.52
24.5
25.48
-26.46
-25.48
-24.5
-23.52
23.52
24.5
-24.5
-23.52
-22.54
22.54
23.52
-23.52
-22.54
-21.56
22.54
42.14
43.12
-22.54
-21.56
-20.58
21.56
22.54
42.14
43.12
-21.56
-20.58
21.56
41.16
42.14
43.12
-20.58
-19.6
21.56
40.18
41.16
42.14
-20.58
-19.6
21.56
39.2
40.18
41.16
42.14
-19.6
-18.62
21.56
39.2
40.18
41.16
-19.6
-18.62
21.56
39.2
40.18
-19.6
-18.62
21.56
-18.62
21.56
-18.62
21.56
22.54
-18.62
-17.64
21.56
22.54
-18.62
-17.64
21.56
22.54
-17.64
22.54
23.52
-17.64
22.54
23.52
-17.64
-16.66
22.54
23.52
-16.66
22.54
23.52
-16.66
22.54
23.52
-16.66
-15.68
21.56
22.54
23.52
-15.68
20.58
21.56
22.54
-15.68
-14.7
18.62
19.6
20.58
21.56
-14.7
16.66
17.64
18.62
19.6
-13.72
-12.74
15.68
16.66
-12.74
-11.76
0
0.98
1.96
13.72
14.7
-10.78
-9.8
-1.96
-0.98
2.94
12.74
-8.82
-7.84
-6.86
-5.88
-4.9
-3.92
-2.94
3.92
4.9
10.78
11.76
5.88
6.86
7.84
8.82
9.8
-22.54
-21.56
-20.58
-19.6
-18.62
-26.46
-25.48
-24.5
-23.52
-17.64
-16.66
-15.68
-14.7
-13.72
-12.74
-11.76
12.74
13.72
14.7
15.68
16.66
17.64
26.46
27.44
28.42
29.4
30.38
-28.42
-27.44
-10.78
-9.8
-8.82
10.78
11.76
18.62
19.6
20.58
21.56
22.54
23.52
24.5
25.48
31.36
32.34
-30.38
-29.4
-8.82
-7.84
8.82
9.8
33.32
34.3
-32.34
-31.36
-6.86
7.84
35.28
-33.32
-6.86
7.84
36.26
-35.28
-34.3
-5.88
6.86
37.24
38.22
-36.26
-5.88
5.88
39.2
-38.22
-37.24
-4.9
5.88
40.18
41.16
-39.2
-3.92
4.9
42.14
-40.18
-2.94
-1.96
3.92
43.12
-41.16
-0.98
0
0.98
1.96
2.94
44.1
-42.14
45.08
-43.12
45.08
-44.1
46.06
-45.08
46.06
-45.08
46.06
-46.06
46.06
-46.06
47.04
-47.04
47.04
-47.04
47.04
-47.04
48.02
-48.02
48.02
-48.02
49
-49
49.98
-49
49.98
-49.98
50.96
-49.98
51.94
-50.96
51.94
-51.94
52.92
-51.94
53.9
-52.92
54.88
-52.92
55.86
-53.9
55.86
-53.9
56.84
-54.88
57.82
-56.84
-55.86
57.82
-57.82
58.8
-59.78
-58.8
59.78
-60.76
59.78
-60.76
60.76
-61.74
60.76
-62.72
61.74
-62.72
61.74
-63.7
62.72
-63.7
62.72
-63.7
62.72
-64.68
63.7
-64.68
63.7
-64.68
64.68
-65.66
64.68
-65.66
65.66
-65.66
65.66
-65.66
66.64
-66.64
66.64
-66.64
66.64
-66.64
67.62
-66.64
67.62
-66.64
67.62
-66.64
67.62
-66.64
68.6
-66.64
68.6
-66.64
68.6
-66.64
68.6
-66.64
68.6
-66.64
68.6
-66.64
68.6
-66.64
68.6
-66.64
68.6
-66.64
68.6
-66.64
68.6
-66.64
68.6
-66.64
68.6
-67.62
68.6
-67.62
68.6
-67.62
68.6
-67.62
68.6
-67.62
68.6
-68.6
68.6
-68.6
68.6
-68.6
0
0.98
68.6
-68.6
-0.98
1.96
2.94
68.6
-68.6
-1.96
3.92
68.6
-67.62
-3.92
-2.94
4.9
68.6
-67.62
-4.9
5.88
6.86
68.6
-67.62
-6.86
-5.88
7.84
8.82
67.62
-67.62
-7.84
9.8
67.62
-67.62
-8.82
10.78
67.62
-66.64
-9.8
11.76
66.64
-66.64
-10.78
11.76
66.64
-66.64
-10.78
12.74
66.64
-66.64
-11.76
12.74
65.66
-65.66
-11.76
12.74
65.66
-65.66
-12.74
13.72
65.66
-65.66
-12.74
13.72
64.68
-64.68
-13.72
13.72
64.68
-63.7
-14.7
14.7
64.68
-62.72
-14.7
14.7
63.7
-61.74
-15.68
15.68
63.7
-60.76
-15.68
16.66
63.7
-59.78
-15.68
16.66
62.72
-58.8
-14.7
16.66
62.72
-58.8
-13.72
16.66
61.74
-57.82
-12.74
-11.76
-10.78
-9.8
7.84
15.68
61.74
-57.82
-8.82
-7.84
-6.86
-5.88
-4.9
4.9
5.88
6.86
8.82
9.8
10.78
11.76
12.74
13.72
14.7
15.68
60.76
-57.82
-3.92
3.92
12.74
13.72
60.76
-56.84
-2.94
3.92
59.78
-56.84
-1.96
-0.98
1.96
2.94
59.78
-55.86
0
0.98
58.8
-55.86
58.8
-54.88
57.82
-53.9
57.82
-53.9
56.84
-52.92
56.84
-51.94
55.86
-50.96
54.88
-49.98
54.88
-49
-48.02
53.9
-47.04
-46.06
51.94
52.92
-45.08
-44.1
-43.12
-42.14
-41.16
50.96
-40.18
-39.2
-38.22
-37.24
49
49.98
-36.26
-35.28
48.02
-36.26
-35.28
46.06
47.04
-35.28
-34.3
44.1
45.08
-35.28
-34.3
43.12
-36.26
-35.28
-34.3
41.16
42.14
-36.26
-35.28
-34.3
39.2
40.18
41.16
-37.24
-36.26
-35.28
-34.3
37.24
38.22
39.2
40.18
-37.24
-36.26
-35.28
-34.3
36.26
37.24
38.22
39.2
-38.22
-37.24
-36.26
-35.28
-34.3
35.28
36.26
37.24
38.22
39.2
-38.22
-37.24
-36.26
-35.28
-34.3
34.3
35.28
36.26
37.24
38.22
-37.24
-36.26
-35.28
-34.3
-33.32
32.34
33.32
34.3
35.28
36.26
37.24
38.22
39.2
40.18
41.16
42.14
-36.26
-35.28
-34.3
-33.32
-32.34
-31.36
29.4
30.38
31.36
32.34
33.32
34.3
38.22
39.2
40.18
41.16
42.14
43.12
44.1
-34.3
-33.32
-32.34
-31.36
-30.38
27.44
28.42
29.4
30.38
31.36
38.22
39.2
40.18
41.16
42.14
43.12
44.1
45.08
-32.34
-31.36
-30.38
-29.4
-28.42
26.46
27.44
28.42
29.4
38.22
39.2
40.18
41.16
42.14
43.12
44.1
45.08
46.06
-30.38
-29.4
-28.42
-27.44
25.48
26.46
27.44
38.22
39.2
40.18
41.16
42.14
43.12
44.1
45.08
46.06
-28.42
-27.44
-26.46
-25.48
24.5
25.48
26.46
38.22
39.2
40.18
41.16
42.14
43.12
44.1
45.08
46.06
47.04
-26.46
-25.48
-24.5
23.52
24.5
37.24
38.22
39.2
40.18
41.16
44.1
45.08
46.06
47.04
-25.48
-24.5
-23.52
23.52
37.24
38.22
39.2
40.18
41.16
44.1
45.08
46.06
47.04
-24.5
-23.52
-22.54
22.54
23.52
37.24
38.22
39.2
40.18
44.1
45.08
46.06
47.04
-23.52
-22.54
-21.56
22.54
36.26
37.24
38.22
39.2
43.12
44.1
45.08
46.06
-22.54
-21.56
22.54
36.26
37.24
38.22
43.12
44.1
45.08
46.06
-22.54
-21.56
-20.58
22.54
36.26
37.24
38.22
42.14
43.12
44.1
45.08
-21.56
-20.58
22.54
35.28
36.26
37.24
38.22
41.16
42.14
43.12
44.1
-21.56
-20.58
22.54
23.52
35.28
36.26
37.24
38.22
39.2
40.18
41.16
42.14
-21.56
-20.58
-19.6
22.54
23.52
35.28
36.26
37.24
38.22
39.2
40.18
41.16
-20.58
-19.6
23.52
24.5
34.3
35.28
36.26
37.24
38.22
39.2
40.18
-20.58
-19.6
23.52
24.5
35.28
36.26
37.24
38.22
39.2
-20.58
-19.6
23.52
24.5
35.28
36.26
37.24
-19.6
-18.62
24.5
25.48
-19.6
-18.62
24.5
25.48
-18.62
24.5
25.48
-18.62
-17.64
24.5
25.48
-18.62
-17.64
24.5
25.48
-17.64
24.5
25.48
-17.64
-16.66
23.52
24.5
25.48
-16.66
22.54
23.52
24.5
-16.66
-15.68
20.58
21.56
22.54
23.52
-15.68
-14.7
17.64
18.62
19.6
20.58
-14.7
-13.72
15.68
16.66
-12.74
-11.76
-10.78
0
0.98
1.96
13.72
14.7
-9.8
-8.82
-1.96
-0.98
2.94
12.74
13.72
-7.84
-6.86
-5.88
-4.9
-3.92
-2.94
3.92
4.9
10.78
11.76
5.88
6.86
7.84
8.82
9.8
-22.54
-21.56
-20.58
-19.6
-18.62
-17.64
-26.46
-25.48
-24.5
-23.52
-17.64
-16.66
-15.68
-14.7
-13.72
-12.74
-11.76
-10.78
-9.8
-28.42
-27.44
-10.78
-9.8
-8.82
-7.84
10.78
11.76
12.74
13.72
14.7
15.68
16.66
17.64
18.62
19.6
20.58
22.54
23.52
24.5
25.48
26.46
27.44
28.42
29.4
30.38
31.36
32.34
-29.4
-7.84
-6.86
8.82
9.8
21.56
33.32
34.3
-31.36
-30.38
-6.86
-5.88
7.84
35.28
-33.32
-32.34
-5.88
6.86
36.26
-34.3
-5.88
6.86
37.24
-36.26
-35.28
-4.9
5.88
38.22
39.2
-37.24
-4.9
5.88
40.18
41.16
-38.22
-3.92
4.9
42.14
-40.18
-39.2
-2.94
4.9
43.12
-41.16
-1.96
3.92
44.1
-42.14
-0.98
0
0.98
1.96
2.94
45.08
-43.12
45.08
-44.1
46.06
-45.08
46.06
-45.08
46.06
-46.06
46.06
-46.06
47.04
-47.04
47.04
-47.04
47.04
-48.02
48.02
-48.02
48.02
-48.02
49
-49
49
-49
49.98
-49.98
50.96
-50.96
50.96
-50.96
51.94
-51.94
52.92
-52.92
53.9
-52.92
54.88
-53.9
55.86
-53.9
55.86
-54.88
56.84
-54.88
57.82
-56.84
-55.86
58.8
-57.82
58.8
-58.8
59.78
-59.78
59.78
-60.76
60.76
-61.74
60.76
-61.74
61.74
-62.72
61.74
-63.7
62.72
-63.7
62.72
-63.7
62.72
-64.68
63.7
-64.68
63.7
-64.68
64.68
-65.66
64.68
-65.66
65.66
-65.66
65.66
-66.64
66.64
-66.64
66.64
-66.64
66.64
-66.64
67.62
-66.64
67.62
-66.64
67.62
-66.64
68.6
-66.64
68.6
-67.62
68.6
-67.62
68.6
-67.62
68.6
-67.62
69.58
-67.62
69.58
-67.62
69.58
-67.62
69.58
-67.62
69.58
-66.64
69.58
-66.64
69.58
-66.64
69.58
-66.64
69.58
-67.62
69.58
-67.62
69.58
-67.62
69.58
-67.62
68.6
-67.62
68.6
-68.6
68.6
-68.6
68.6
-68.6
68.6
-68.6
0.98
68.6
-68.6
-0.98
0
1.96
2.94
68.6
-68.6
-1.96
3.92
68.6
-68.6
-2.94
4.9
68.6
-68.6
-3.92
5.88
68.6
-67.62
-5.88
-4.9
6.86
68.6
-67.62
-6.86
7.84
8.82
67.62
-67.62
-8.82
-7.84
9.8
67.62
-67.62
-9.8
10.78
67.62
-66.64
-9.8
11.76
66.64
-66.64
-10.78
11.76
66.64
-66.64
-11.76
12.74
66.64
-65.66
-11.76
12.74
65.66
-65.66
-12.74
12.74
65.66
-65.66
-12.74
13.72
64.68
-64.68
-13.72
13.72
64.68
-63.7
-14.7
14.7
64.68
-62.72
-14.7
15.68
63.7
-61.74
-14.7
15.68
63.7
-60.76
-14.7
16.66
63.7
-59.78
-14.7
16.66
62.72
-58.8
-13.72
16.66
61.74
-58.8
-12.74
-11.76
-10.78
15.68
61.74
-57.82
-9.8
-8.82
-7.84
-6.86
-5.88
5.88
6.86
7.84
8.82
9.8
10.78
11.76
12.74
13.72
14.7
60.76
-57.82
-4.9
4.9
60.76
-57.82
-3.92
3.92
60.76
-56.84
-2.94
2.94
59.78
-56.84
-1.96
-0.98
1.96
59.78
-56.84
0
0.98
58.8
-55.86
58.8
-54.88
57.82
-54.88
57.82
-53.9
56.84
-52.92
56.84
-51.94
55.86
-50.96
54.88
-49.98
-49
53.9
-48.02
52.92
-47.04
-46.06
51.94
-45.08
-44.1
-43.12
-42.14
49.98
50.96
-41.16
-40.18
49
-39.2
-38.22
-37.24
47.04
48.02
-38.22
-37.24
46.06
-38.22
-37.24
-36.26
45.08
-38.22
-37.24
-36.26
44.1
-39.2
-38.22
-37.24
43.12
-40.18
-39.2
-38.22
-37.24
42.14
43.12
-41.16
-40.18
-39.2
-38.22
41.16
42.14
43.12
-41.16
-40.18
-39.2
-38.22
40.18
41.16
42.14
43.12
-42.14
-41.16
-40.18
-39.2
40.18
41.16
42.14
43.12
44.1
-42.14
-41.16
-40.18
-39.2
39.2
40.18
41.16
42.14
43.12
44.1
45.08
-43.12
-42.14
-41.16
-40.18
-39.2
-38.22
43.12
44.1
45.08
46.06
-44.1
-43.12
-42.14
-41.16
-40.18
-39.2
-38.22
-37.24
35.28
36.26
37.24
45.08
46.06
47.04
-44.1
-43.12
-42.14
-41.16
-40.18
-39.2
-38.22
-37.24
-36.26
-35.28
32.34
33.32
34.3
35.28
36.26
37.24
46.06
47.04
-45.08
-44.1
-43.12
-42.14
-41.16
-40.18
-39.2
-38.22
-37.24
-36.26
-35.28
-34.3
-33.32
30.38
31.36
32.34
33.32
34.3
35.28
36.26
37.24
47.04
48.02
-45.08
-44.1
-43.12
-42.14
-41.16
-40.18
-39.2
-38.22
-37.24
-36.26
-35.28
-34.3
-33.32
-32.34
-31.36
28.42
29.4
30.38
31.36
32.34
33.32
34.3
35.28
36.26
37.24
47.04
48.02
-46.06
-45.08
-44.1
-43.12
-42.14
-41.16
-40.18
-39.2
-38.22
-37.24
-36.26
-35.28
-34.3
-33.32
-32.34
-31.36
-30.38
-29.4
27.44
28.42
29.4
30.38
31.36
32.34
33.32
34.3
35.28
36.26
37.24
48.02
-46.06
-45.08
-44.1
-43.12
-42.14
-41.16
-40.18
-39.2
-38.22
-31.36
-30.38
-29.4
-28.42
-27.44
25.48
26.46
27.44
28.42
29.4
30.38
31.36
32.34
33.32
34.3
35.28
36.26
48.02
49
-46.06
-45.08
-44.1
-43.12
-42.14
-41.16
-40.18
-39.2
-29.4
-28.42
-27.44
-26.46
24.5
25.48
26.46
27.44
28.42
33.32
34.3
35.28
36.26
48.02
49
-45.08
-44.1
-43.12
-42.14
-41.16
-40.18
-39.2
-28.42
-27.44
-26.46
-25.48
24.5
25.48
26.46
33.32
34.3
35.28
36.26
48.02
49
-45.08
-44.1
-43.12
-42.14
-41.16
-40.18
-39.2
-27.44
-26.46
-25.48
-24.5
23.52
24.5
25.48
33.32
34.3
35.28
47.04
48.02
-44.1
-43.12
-42.14
-41.16
-40.18
-26.46
-25.48
-24.5
-23.52
23.52
24.5
33.32
34.3
35.28
47.04
48.02
-43.12
-42.14
-41.16
-25.48
-24.5
-23.52
23.52
24.5
32.34
33.32
34.3
35.28
46.06
47.04
-24.5
-23.52
-22.54
23.52
24.5
25.48
32.34
33.32
34.3
45.08
46.06
-24.5
-23.52
-22.54
24.5
25.48
31.36
32.34
33.32
34.3
43.12
44.1
45.08
-23.52
-22.54
24.5
25.48
26.46
31.36
32.34
33.32
34.3
42.14
43.12
-23.52
-22.54
-21.56
25.48
26.46
30.38
31.36
32.34
33.32
41.16
42.14
-23.52
-22.54
-21.56
25.48
26.46
27.44
30.38
31.36
32.34
33.32
34.3
40.18
-22.54
-21.56
25.48
26.46
27.44
28.42
29.4
30.38
31.36
32.34
33.32
34.3
38.22
39.2
-22.54
-21.56
-20.58
26.46
27.44
28.42
29.4
30.38
31.36
32.34
33.32
34.3
35.28
36.26
37.24
38.22
-21.56
-20.58
26.46
27.44
28.42
30.38
31.36
32.34
33.32
34.3
35.28
36.26
37.24
38.22
-21.56
-20.58
-19.6
26.46
27.44
28.42
31.36
32.34
33.32
34.3
35.28
36.26
-20.58
-19.6
26.46
27.44
28.42
32.34
33.32
34.3
35.28
-20.58
-19.6
26.46
27.44
28.42
-19.6
-18.62
26.46
27.44
28.42
-19.6
-18.62
26.46
27.44
-18.62
-17.64
25.48
26.46
-18.62
-17.64
24.5
25.48
-17.64
-16.66
21.56
22.54
23.52
24.5
-15.68
17.64
18.62
19.6
20.58
21.56
-14.7
-13.72
-12.74
15.68
16.66
-11.76
-10.78
0
0.98
1.96
13.72
14.7
-9.8
-8.82
-7.84
-6.86
-2.94
-1.96
-0.98
2.94
3.92
12.74
-5.88
-4.9
-3.92
4.9
5.88
10.78
11.76
6.86
7.84
8.82
9.8
-23.52
-22.54
-21.56
-20.58
-19.6
-18.62
-17.64
-16.66
-26.46
-25.48
-24.5
-23.52
-16.66
-15.68
-14.7
-13.72
-12.74
-11.76
-10.78
-9.8
-8.82
-7.84
-28.42
-27.44
-8.82
-7.84
-6.86
-5.88
9.8
10.78
11.76
12.74
13.72
14.7
15.68
16.66
17.64
18.62
24.5
25.48
26.46
27.44
28.42
29.4
30.38
31.36
-29.4
-6.86
-5.88
-4.9
7.84
8.82
9.8
19.6
20.58
21.56
22.54
23.52
32.34
33.32
-31.36
-30.38
-5.88
-4.9
6.86
7.84
34.3
35.28
-32.34
-4.9
5.88
6.86
36.26
-34.3
-33.32
-4.9
-3.92
5.88
37.24
-35.28
-4.9
-3.92
5.88
38.22
39.2
-37.24
-36.26
-3.92
5.88
40.18
-38.22
-3.92
4.9
41.16
42.14
-40.18
-39.2
-2.94
4.9
43.12
-41.16
-1.96
3.92
44.1
-42.14
-0.98
2.94
45.08
-43.12
0
0.98
1.96
45.08
-44.1
46.06
-44.1
46.06
-45.08
47.04
-46.06
47.04
-47.04
47.04
-47.04
47.04
-48.02
47.04
-48.02
48.02
-48.02
48.02
-49
49
-49
49
-49.98
49.98
-49.98
50.96
-50.96
50.96
-51.94
51.94
-51.94
52.92
-52.92
53.9
-53.9
54.88
-53.9
55.86
-54.88
55.86
-54.88
56.84
-55.86
57.82
-55.86
58.8
-57.82
-56.84
58.8
-58.8
59.78
-59.78
59.78
-60.76
60.76
-61.74
60.76
-61.74
61.74
-62.72
61.74
-62.72
62.72
-63.7
62.72
-63.7
63.7
-64.68
63.7
-64.68
63.7
-64.68
64.68
-65.66
64.68
-65.66
65.66
-66.64
65.66
-66.64
65.66
-66.64
66.64
-66.64
66.64
-66.64
67.62
-67.62
67.62
-67.62
67.62
-67.62
68.6
-67.62
68.6
-67.62
68.6
-67.62
68.6
-67.62
69.58
-67.62
69.58
-67.62
69.58
-67.62
69.58
-67.62
69.58
-67.62
70.56
-67.62
70.56
-67.62
70.56
-67.62
70.56
-67.62
69.58
-67.62
69.58
-67.62
69.58
-67.62
69.58
-67.62
69.58
-67.62
69.58
-68.6
69.58
-68.6
69.58
-68.6
69.58
-68.6
68.6
-68.6
68.6
-68.6
-0.98
0
0.98
1.96
68.6
-68.6
-1.96
2.94
68.6
-68.6
-1.96
3.92
68.6
-68.6
-2.94
4.9
68.6
-67.62
-3.92
5.88
68.6
-67.62
-5.88
-4.9
6.86
67.62
-67.62
-6.86
7.84
8.82
67.62
-67.62
-8.82
-7.84
9.8
67.62
-66.64
-9.8
10.78
67.62
-66.64
-9.8
11.76
66.64
-66.64
-10.78
11.76
66.64
-66.64
-11.76
12.74
65.66
-65.66
-11.76
12.74
65.66
-65.66
-12.74
13.72
64.68
-64.68
-13.72
13.72
64.68
-63.7
-13.72
14.7
64.68
-62.72
-14.7
15.68
63.7
-61.74
-14.7
15.68
63.7
-60.76
-14.7
15.68
62.72
-59.78
-13.72
-12.74
15.68
62.72
-58.8
-12.74
-11.76
-10.78
15.68
61.74
-57.82
-9.8
-8.82
-7.84
-6.86
-5.88
5.88
6.86
7.84
8.82
9.8
10.78
11.76
12.74
13.72
14.7
61.74
-57.82
-4.9
4.9
60.76
-57.82
-3.92
4.9
60.76
-57.82
-3.92
3.92
60.76
-56.84
-2.94
2.94
59.78
-56.84
-1.96
-0.98
1.96
59.78
-56.84
0
0.98
58.8
-55.86
58.8
-54.88
57.82
-54.88
57.82
-53.9
56.84
-52.92
55.86
-51.94
-50.96
54.88
-49.98
54.88
-49
53.9
-48.02
-47.04
52.92
-46.06
-45.08
50.96
51.94
-44.1
-43.12
49.98
-42.14
49
-41.16
-40.18
48.02
-41.16
-40.18
-39.2
47.04
-41.16
-40.18
-39.2
46.06
-41.16
-40.18
-39.2
45.08
-42.14
-41.16
-40.18
44.1
45.08
-43.12
-42.14
-41.16
44.1
45.08
-43.12
-42.14
44.1
45.08
-44.1
-43.12
-42.14
44.1
45.08
46.06
-45.08
-44.1
-43.12
45.08
46.06
-46.06
-45.08
-44.1
-43.12
46.06
47.04
-46.06
-45.08
-44.1
47.04
48.02
-47.04
-46.06
-45.08
48.02
-47.04
-46.06
-45.08
48.02
49
-47.04
-46.06
49
-48.02
-47.04
-46.06
49
-48.02
-47.04
49
49.98
-48.02
-47.04
-37.24
-36.26
-35.28
-34.3
-33.32
-32.34
49.98
-47.04
-38.22
-37.24
-36.26
-35.28
-34.3
-33.32
-32.34
-31.36
-30.38
29.4
30.38
31.36
32.34
49.98
-47.04
-46.06
-38.22
-37.24
-36.26
-35.28
-34.3
-33.32
-32.34
-31.36
-30.38
-29.4
27.44
28.42
29.4
30.38
31.36
32.34
49.98
-46.06
-38.22
-37.24
-36.26
-31.36
-30.38
-29.4
-28.42
26.46
27.44
28.42
29.4
30.38
31.36
32.34
49
-46.06
-45.08
-39.2
-38.22
-37.24
-30.38
-29.4
-28.42
-27.44
25.48
26.46
27.44
28.42
29.4
30.38
31.36
32.34
49
-45.08
-44.1
-40.18
-39.2
-38.22
-30.38
-29.4
-28.42
-27.44
-26.46
25.48
26.46
27.44
28.42
29.4
30.38
31.36
48.02
49
-44.1
-43.12
-42.14
-41.16
-40.18
-39.2
-29.4
-28.42
-27.44
-26.46
-25.48
26.46
27.44
28.42
29.4
30.38
31.36
47.04
48.02
-42.14
-41.16
-40.18
-28.42
-27.44
-26.46
-25.48
26.46
27.44
28.42
29.4
30.38
46.06
47.04
-28.42
-27.44
-26.46
-25.48
-24.5
27.44
28.42
29.4
30.38
44.1
45.08
-27.44
-26.46
-25.48
-24.5
27.44
28.42
29.4
43.12
-26.46
-25.48
-24.5
28.42
29.4
41.16
42.14
-26.46
-25.48
-24.5
-23.52
40.18
41.16
-25.48
-24.5
-23.52
39.2
40.18
-24.5
-23.52
-22.54
29.4
39.2
-23.52
-22.54
29.4
30.38
37.24
38.22
-22.54
-21.56
29.4
30.38
31.36
36.26
37.24
-22.54
-21.56
29.4
30.38
31.36
32.34
33.32
34.3
35.28
36.26
-21.56
-20.58
29.4
30.38
31.36
32.34
33.32
34.3
-21.56
-20.58
28.42
29.4
30.38
31.36
32.34
33.32
-20.58
-19.6
27.44
28.42
29.4
30.38
31.36
-19.6
26.46
27.44
28.42
29.4
-19.6
-18.62
25.48
26.46
27.44
-18.62
-17.64
-16.66
22.54
23.52
24.5
25.48
-16.66
-15.68
-14.7
17.64
18.62
19.6
20.58
21.56
22.54
-13.72
-12.74
-11.76
15.68
16.66
-10.78
-9.8
-8.82
-0.98
0
0.98
1.96
2.94
13.72
14.7
-7.84
-6.86
-5.88
-4.9
-3.92
-2.94
-1.96
3.92
4.9
12.74
5.88
6.86
7.84
8.82
9.8
10.78
11.76
-20.58
-19.6
-24.5
-23.52
-22.54
-21.56
-20.58
-19.6
-18.62
-17.64
-16.66
-15.68
-14.7
-13.72
-12.74
-11.76
-10.78
-9.8
-8.82
-7.84
-26.46
-25.48
-24.5
-15.68
-14.7
-13.72
-12.74
-11.76
-10.78
-9.8
-8.82
-7.84
-6.86
-5.88
-28.42
-27.44
-6.86
-5.88
-4.9
-3.92
8.82
9.8
10.78
11.76
12.74
13.72
14.7
15.68
16.66
17.64
24.5
25.48
26.46
27.44
28.42
29.4
30.38
-30.38
-29.4
-4.9
-3.92
6.86
7.84
8.82
18.62
19.6
20.58
21.56
22.54
23.52
31.36
32.34
33.32
-31.36
-30.38
-3.92
-2.94
5.88
6.86
34.3
-32.34
-3.92
-2.94
-1.96
4.9
5.88
35.28
36.26
-34.3
-33.32
-3.92
-2.94
-1.96
3.92
4.9
37.24
-35.28
-2.94
-1.96
3.92
4.9
38.22
-37.24
-36.26
-2.94
-1.96
3.92
4.9
39.2
40.18
-38.22
-2.94
-1.96
3.92
4.9
41.16
-40.18
-39.2
-2.94
-1.96
3.92
42.14
43.12
-41.16
-1.96
3.92
44.1
-42.14
-0.98
3.92
44.1
-43.12
0
2.94
45.08
-43.12
0.98
1.96
46.06
-44.1
46.06
-45.08
47.04
-46.06
47.04
-46.06
47.04
-47.04
47.04
-48.02
48.02
-48.02
48.02
-49
48.02
-49
49
-49.98
49
-49.98
49.98
-50.96
49.98
-50.96
50.96
-51.94
51.94
-52.92
52.92
-52.92
53.9
-53.9
54.88
-53.9
55.86
-54.88
55.86
-54.88
56.84
-55.86
57.82
-56.84
57.82
-56.84
58.8
-57.82
59.78
-58.8
59.78
-59.78
60.76
-60.76
60.76
-61.74
61.74
-62.72
61.74
-62.72
62.72
-63.7
62.72
-63.7
63.7
-64.68
63.7
-64.68
63.7
-64.68
64.68
-65.66
64.68
-65.66
65.66
-66.64
65.66
-66.64
65.66
-66.64
66.64
-66.64
66.64
-67.62
66.64
-67.62
67.62
-67.62
67.62
-67.62
67.62
-67.62
68.6
-67.62
68.6
-67.62
68.6
-67.62
69.58
-67.62
69.58
-67.62
69.58
-67.62
69.58
-67.62
70.56
-67.62
70.56
-67.62
70.56
-67.62
70.56
-67.62
70.56
-67.62
70.56
-67.62
70.56
-67.62
70.56
-67.62
70.56
-67.62
69.58
-67.62
69.58
-68.6
69.58
-68.6
69.58
-68.6
69.58
-68.6
69.58
-68.6
69.58
-68.6
69.58
-68.6
0.98
69.58
-68.6
-0.98
0
1.96
68.6
-68.6
-1.96
2.94
68.6
-68.6
-1.96
3.92
68.6
-68.6
-2.94
4.9
68.6
-67.62
-3.92
4.9
5.88
68.6
-67.62
-5.88
-4.9
5.88
6.86
67.62
-67.62
-6.86
-5.88
7.84
8.82
67.62
-67.62
-8.82
-7.84
-6.86
8.82
9.8
67.62
-66.64
-8.82
10.78
66.64
-66.64
-9.8
10.78
66.64
-66.64
-10.78
-9.8
11.76
65.66
-65.66
-10.78
11.76
65.66
-65.66
-11.76
12.74
65.66
-64.68
-12.74
13.72
64.68
-63.7
-13.72
13.72
64.68
-62.72
-13.72
14.7
63.7
-61.74
-13.72
15.68
63.7
-60.76
-13.72
-12.74
15.68
62.72
-59.78
-11.76
-10.78
-9.8
-8.82
-7.84
-6.86
5.88
6.86
7.84
8.82
14.7
62.72
-58.8
-9.8
-8.82
-7.84
-6.86
-5.88
5.88
6.86
7.84
8.82
9.8
10.78
11.76
12.74
13.72
14.7
61.74
-57.82
-4.9
4.9
61.74
-57.82
-4.9
4.9
60.76
-57.82
-3.92
4.9
60.76
-57.82
-2.94
3.92
60.76
-56.84
-2.94
2.94
59.78
-56.84
-1.96
-0.98
1.96
59.78
-56.84
0
0.98
58.8
-55.86
58.8
-55.86
57.82
-54.88
56.84
-53.9
56.84
-52.92
55.86
-51.94
-50.96
54.88
-49.98
53.9
-49
-48.02
52.92
-47.04
51.94
-46.06
-45.08
50.96
-44.1
49
49.98
-43.12
48.02
-43.12
-42.14
48.02
-43.12
-42.14
47.04
-43.12
-42.14
47.04
-43.12
-42.14
46.06
-44.1
-43.12
46.06
-45.08
-44.1
46.06
-45.08
-44.1
46.06
47.04
-46.06
-45.08
47.04
-47.04
-46.06
47.04
48.02
-48.02
-47.04
48.02
-48.02
-47.04
49
-48.02
49
-49
-48.02
49.98
-49
-48.02
49.98
-49
49.98
-49
50.96
-49
50.96
-49
-48.02
50.96
-48.02
50.96
-48.02
-47.04
-35.28
-34.3
-33.32
-32.34
49.98
-47.04
-36.26
-35.28
-34.3
-33.32
-32.34
-31.36
49.98
-46.06
-37.24
-36.26
-35.28
-34.3
-33.32
-32.34
-31.36
49
-45.08
-38.22
-37.24
-36.26
-35.28
-34.3
-33.32
-32.34
-31.36
-30.38
49
-44.1
-43.12
-39.2
-38.22
-37.24
-36.26
-33.32
-32.34
-31.36
-30.38
-29.4
48.02
-43.12
-42.14
-41.16
-40.18
-39.2
-38.22
-32.34
-31.36
-30.38
-29.4
46.06
47.04
-31.36
-30.38
-29.4
-28.42
44.1
45.08
-30.38
-29.4
-28.42
-27.44
43.12
-29.4
-28.42
-27.44
42.14
-28.42
-27.44
-26.46
41.16
-27.44
-26.46
-25.48
40.18
-26.46
-25.48
-24.5
39.2
-25.48
-24.5
-23.52
38.22
-24.5
-23.52
37.24
-23.52
-22.54
35.28
36.26
-23.52
-22.54
34.3
35.28
-22.54
-21.56
32.34
33.32
-21.56
-20.58
30.38
31.36
32.34
-21.56
-20.58
28.42
29.4
30.38
-20.58
-19.6
26.46
27.44
28.42
-18.62
-17.64
23.52
24.5
25.48
26.46
-16.66
-15.68
-14.7
-13.72
17.64
18.62
19.6
20.58
21.56
22.54
-12.74
-11.76
-10.78
0
0.98
1.96
15.68
16.66
-9.8
-8.82
-7.84
-1.96
-0.98
2.94
3.92
13.72
14.7
-6.86
-5.88
-4.9
-3.92
-2.94
4.9
5.88
11.76
12.74
6.86
7.84
8.82
9.8
10.78
-21.56
-20.58
-19.6
-18.62
-17.64
-24.5
-23.52
-22.54
-21.56
-18.62
-17.64
-16.66
-15.68
-14.7
-13.72
-12.74
-11.76
-10.78
-9.8
-8.82
-7.84
-6.86
-5.88
-26.46
-25.48
-6.86
-5.88
-4.9
-3.92
-28.42
-27.44
-4.9
-3.92
-2.94
8.82
9.8
10.78
11.76
12.74
13.72
14.7
15.68
16.66
17.64
23.52
24.5
25.48
26.46
27.44
28.42
29.4
-30.38
-29.4
-2.94
-1.96
-0.98
5.88
6.86
7.84
18.62
19.6
20.58
21.56
22.54
23.52
30.38
31.36
32.34
-31.36
-2.94
-1.96
-0.98
0
3.92
4.9
5.88
33.32
34.3
-32.34
-1.96
-0.98
0
0.98
1.96
2.94
3.92
4.9
35.28
36.26
-34.3
-33.32
-0.98
0
0.98
1.96
2.94
3.92
37.24
-35.28
-0.98
0
0.98
1.96
2.94
38.22
-37.24
-36.26
-0.98
0
0.98
1.96
2.94
39.2
40.18
-38.22
-0.98
0
0.98
1.96
2.94
41.16
-40.18
-39.2
-0.98
0
0.98
1.96
2.94
42.14
-41.16
-0.98
0
0.98
1.96
2.94
43.12
-42.14
-0.98
0
0.98
1.96
2.94
44.1
-42.14
0
0.98
1.96
2.94
45.08
-43.12
0.98
1.96
46.06
-44.1
46.06
-45.08
47.04
-46.06
47.04
-46.06
47.04
-47.04
48.02
-48.02
48.02
-48.02
48.02
-49
48.02
-49
49
-49.98
49
-49.98
49.98
-50.96
49.98
-51.94
50.96
-51.94
51.94
-52.92
52.92
-53.9
53.9
-53.9
54.88
-54.88
54.88
-54.88
55.86
-55.86
56.84
-55.86
57.82
-56.84
57.82
-56.84
58.8
-57.82
59.78
-58.8
59.78
-59.78
60.76
-60.76
60.76
-61.74
61.74
-61.74
61.74
-62.72
62.72
-63.7
62.72
-63.7
63.7
-64.68
63.7
-64.68
64.68
-64.68
64.68
-65.66
64.68
-65.66
65.66
-65.66
65.66
-66.64
65.66
-66.64
66.64
-67.62
66.64
-67.62
66.64
-67.62
67.62
-67.62
67.62
-67.62
67.62
-67.62
68.6
-67.62
68.6
-67.62
68.6
-67.62
69.58
-68.6
69.58
-68.6
69.58
-68.6
69.58
-68.6
70.56
-68.6
70.56
-68.6
70.56
-67.62
70.56
-67.62
70.56
-67.62
70.56
-67.62
70.56
-67.62
70.56
-67.62
70.56
-67.62
70.56
-68.6
70.56
-68.6
70.56
-68.6
70.56
-68.6
69.58
-68.6
69.58
-68.6
69.58
-68.6
69.58
-68.6
69.58
-68.6
69.58
-68.6
0.98
69.58
-68.6
-0.98
0
0.98
1.96
68.6
-68.6
-0.98
1.96
2.94
68.6
-68.6
-1.96
-0.98
2.94
3.92
68.6
-68.6
-2.94
-1.96
2.94
3.92
68.6
-67.62
-3.92
-2.94
-1.96
3.92
4.9
67.62
-67.62
-4.9
-3.92
-2.94
-1.96
3.92
4.9
5.88
6.86
67.62
-67.62
-5.88
-4.9
-3.92
-2.94
-1.96
4.9
5.88
6.86
7.84
67.62
-66.64
-7.84
-6.86
-5.88
-4.9
-3.92
-2.94
-1.96
5.88
6.86
7.84
8.82
9.8
66.64
-66.64
-8.82
-7.84
-6.86
-5.88
-4.9
-3.92
-2.94
-1.96
-0.98
6.86
7.84
8.82
9.8
66.64
-66.64
-8.82
-7.84
-6.86
-5.88
-4.9
-3.92
-2.94
-1.96
-0.98
7.84
8.82
9.8
10.78
65.66
-65.66
-9.8
-8.82
-7.84
-6.86
-5.88
-4.9
-3.92
-2.94
-1.96
-0.98
4.9
5.88
6.86
7.84
8.82
9.8
10.78
65.66
-65.66
-10.78
-9.8
-8.82
-7.84
-6.86
-5.88
-4.9
-3.92
-2.94
-1.96
-0.98
0
3.92
4.9
5.88
6.86
7.84
8.82
9.8
10.78
11.76
65.66
-64.68
-11.76
-10.78
-9.8
-8.82
-7.84
-6.86
-5.88
-4.9
-3.92
-2.94
-1.96
-0.98
2.94
3.92
4.9
5.88
6.86
7.84
8.82
9.8
10.78
11.76
12.74
64.68
-63.7
-12.74
-11.76
-10.78
-9.8
-8.82
-7.84
-6.86
-5.88
-4.9
-3.92
-2.94
-1.96
-0.98
2.94
3.92
4.9
5.88
6.86
7.84
8.82
9.8
10.78
11.76
12.74
64.68
-62.72
-12.74
-11.76
-10.78
-9.8
-8.82
-7.84
-6.86
-5.88
-4.9
-3.92
-2.94
-1.96
3.92
4.9
5.88
6.86
7.84
8.82
9.8
10.78
11.76
12.74
13.72
63.7
-61.74
-12.74
-11.76
-10.78
-9.8
-8.82
-7.84
-6.86
-5.88
-4.9
-3.92
-2.94
3.92
4.9
5.88
6.86
7.84
8.82
9.8
10.78
11.76
12.74
13.72
14.7
63.7
-60.76
-11.76
-10.78
-9.8
-8.82
-7.84
-6.86
-5.88
-4.9
-3.92
4.9
5.88
6.86
7.84
8.82
9.8
10.78
11.76
12.74
13.72
14.7
62.72
-59.78
-5.88
-4.9
-3.92
4.9
9.8
10.78
11.76
12.74
13.72
62.72
-58.8
-4.9
4.9
61.74
-57.82
-3.92
4.9
61.74
-57.82
-3.92
4.9
60.76
-57.82
-3.92
3.92
60.76
-57.82
-2.94
3.92
60.76
-56.84
-1.96
2.94
59.78
-56.84
-0.98
1.96
59.78
-56.84
0
0.98
58.8
-55.86
58.8
-55.86
57.82
-54.88
56.84
-53.9
55.86
-52.92
-51.94
54.88
-50.96
53.9
-49.98
52.92
-49
-48.02
51.94
-47.04
50.96
-46.06
49.98
-45.08
49
-44.1
48.02
-44.1
48.02
-44.1
47.04
-44.1
47.04
-45.08
-44.1
47.04
-46.06
-45.08
47.04
-46.06
47.04
48.02
-47.04
-46.06
48.02
-48.02
-47.04
48.02
49
-48.02
49
-49
49
-49
49.98
-49.98
-49
49.98
-49.98
50.96
-49.98
50.96
-49.98
50.96
-49.98
50.96
-49.98
50.96
-49
50.96
-49
50.96
-49
50.96
-48.02
50.96
-47.04
49.98
-46.06
49.98
-46.06
-45.08
-35.28
-34.3
49
-45.08
-44.1
-37.24
-36.26
-35.28
-34.3
-33.32
48.02
-43.12
-42.14
-41.16
-40.18
-39.2
-38.22
-37.24
-36.26
-35.28
-34.3
-33.32
-32.34
46.06
47.04
-41.16
-40.18
-39.2
-38.22
-35.28
-34.3
-33.32
-32.34
-31.36
44.1
45.08
-33.32
-32.34
-31.36
-30.38
43.12
-32.34
-31.36
-30.38
-29.4
42.14
-31.36
-30.38
-29.4
-28.42
41.16
-30.38
-29.4
-28.42
-27.44
40.18
-28.42
-27.44
-26.46
39.2
-27.44
-26.46
-25.48
38.22
-26.46
-25.48
-24.5
37.24
-25.48
-24.5
36.26
-24.5
-23.52
34.3
35.28
-23.52
-22.54
33.32
-23.52
-22.54
31.36
32.34
-22.54
-21.56
29.4
30.38
-20.58
-19.6
27.44
28.42
-18.62
-17.64
-16.66
23.52
24.5
25.48
26.46
-15.68
-14.7
-13.72
-12.74
16.66
17.64
18.62
19.6
20.58
21.56
22.54
-11.76
-10.78
-9.8
-0.98
0
0.98
1.96
2.94
14.7
15.68
-8.82
-7.84
-6.86
-5.88
-4.9
-3.92
-2.94
-1.96
3.92
4.9
13.72
5.88
6.86
10.78
11.76
12.74
7.84
8.82
9.8
-21.56
-20.58
-19.6
-18.62
-17.64
-16.66
-8.82
-7.84
-6.86
-24.5
-23.52
-22.54
-16.66
-15.68
-14.7
-13.72
-12.74
-11.76
-10.78
-9.8
-8.82
-7.84
-6.86
-5.88
-4.9
-3.92
-26.46
-25.48
-4.9
-3.92
-2.94
-28.42
-27.44
-2.94
-1.96
-0.98
9.8
10.78
11.76
12.74
13.72
14.7
15.68
16.66
17.64
18.62
19.6
20.58
21.56
22.54
23.52
24.5
25.48
26.46
27.44
-30.38
-29.4
-1.96
-0.98
0
5.88
6.86
7.84
8.82
18.62
19.6
20.58
21.56
22.54
28.42
29.4
30.38
31.36
-31.36
0
0.98
1.96
2.94
3.92
4.9
32.34
33.32
-33.32
-32.34
0.98
1.96
2.94
34.3
35.28
-34.3
-33.32
36.26
37.24
-35.28
38.22
-37.24
-36.26
39.2
-38.22
40.18
41.16
-40.18
-39.2
42.14
-41.16
43.12
-42.14
44.1
-42.14
45.08
-43.12
45.08
-44.1
46.06
-45.08
47.04
-45.08
47.04
-46.06
47.04
-47.04
48.02
-47.04
48.02
-48.02
48.02
-49
48.02
-49
49
-49.98
49
-50.96
49.98
-50.96
49.98
-51.94
50.96
-51.94
51.94
-52.92
52.92
-53.9
53.9
-53.9
54.88
-54.88
54.88
-54.88
55.86
-55.86
56.84
-55.86
56.84
-56.84
57.82
-56.84
58.8
-57.82
58.8
-58.8
59.78
-58.8
60.76
-59.78
60.76
-60.76
61.74
-61.74
61.74
-62.72
62.72
-62.72
62.72
-63.7
63.7
-63.7
63.7
-64.68
64.68
-64.68
64.68
-65.66
65.66
-65.66
65.66
-65.66
65.66
-66.64
66.64
-66.64
66.64
-67.62
66.64
-67.62
66.64
-67.62
67.62
-67.62
67.62
-68.6
67.62
-68.6
68.6
-68.6
68.6
-68.6
68.6
-68.6
68.6
-68.6
69.58
-68.6
69.58
-68.6
69.58
-68.6
70.56
-68.6
70.56
-68.6
70.56
-68.6
70.56
-68.6
70.56
-68.6
70.56
-68.6
70.56
-68.6
71.54
-68.6
70.56
-68.6
70.56
-68.6
70.56
-68.6
70.56
-68.6
70.56
-68.6
70.56
-68.6
70.56
-69.58
70.56
-69.58
69.58
-69.58
69.58
-69.58
69.58
-69.58
69.58
-68.6
69.58
-68.6
68.6
-68.6
0
0.98
68.6
-68.6
0
0.98
1.96
68.6
-68.6
-0.98
0
0.98
1.96
68.6
-67.62
-0.98
0
0.98
1.96
2.94
67.62
-67.62
-0.98
0
0.98
1.96
2.94
67.62
-67.62
-0.98
0
0.98
1.96
2.94
3.92
67.62
-66.64
-0.98
0
0.98
1.96
2.94
3.92
4.9
66.64
-66.64
0
0.98
1.96
2.94
3.92
4.9
5.88
66.64
-66.64
0
0.98
1.96
2.94
3.92
4.9
5.88
6.86
65.66
-65.66
0
0.98
1.96
2.94
3.92
65.66
-65.66
0.98
1.96
2.94
64.68
-64.68
0
0.98
1.96
64.68
-63.7
0
0.98
1.96
63.7
-62.72
-0.98
0
0.98
1.96
2.94
63.7
-61.74
-1.96
2.94
62.72
-60.76
-2.94
3.92
62.72
-59.78
-2.94
3.92
61.74
-58.8
-3.92
3.92
61.74
-58.8
-3.92
3.92
61.74
-57.82
-2.94
3.92
60.76
-57.82
-2.94
3.92
60.76
-57.82
-2.94
2.94
60.76
-56.84
-1.96
2.94
59.78
-56.84
-0.98
1.96
59.78
-56.84
0
0.98
58.8
-55.86
58.8
-55.86
57.82
-54.88
55.86
56.84
-53.9
54.88
-52.92
-51.94
53.9
-50.96
51.94
52.92
-49.98
-49
50.96
51.94
-48.02
50.96
-47.04
49.98
-46.06
49
-45.08
49
-45.08
48.02
-45.08
48.02
-45.08
48.02
-46.06
-45.08
48.02
-46.06
48.02
-47.04
48.02
-47.04
49
-48.02
49
-49
49.98
-49
49.98
-49.98
49.98
-49.98
50.96
-49.98
50.96
-50.96
50.96
-50.96
51.94
-50.96
51.94
-50.96
51.94
-49.98
51.94
-49.98
51.94
-49.98
51.94
-49
51.94
-49
50.96
-48.02
50.96
-47.04
49.98
-47.04
49.98
-46.06
49
-45.08
-44.1
48.02
-44.1
-43.12
-42.14
-37.24
-36.26
46.06
47.04
-42.14
-41.16
-40.18
-39.2
-38.22
-37.24
-36.26
-35.28
-34.3
44.1
45.08
-35.28
-34.3
-33.32
43.12
-34.3
-33.32
-32.34
42.14
-32.34
-31.36
41.16
-31.36
-30.38
-29.4
40.18
-30.38
-29.4
-28.42
39.2
-29.4
-28.42
-27.44
38.22
-28.42
-27.44
-26.46
37.24
-27.44
-26.46
-25.48
36.26
-26.46
-25.48
-24.5
34.3
35.28
-25.48
-24.5
33.32
34.3
-24.5
-23.52
31.36
32.34
-22.54
-21.56
29.4
30.38
-21.56
-20.58
-19.6
27.44
28.42
-18.62
-17.64
-16.66
-15.68
19.6
20.58
21.56
22.54
23.52
24.5
25.48
26.46
-14.7
-13.72
-12.74
-11.76
-0.98
0
0.98
1.96
2.94
16.66
17.64
18.62
-10.78
-9.8
-8.82
-1.96
3.92
14.7
15.68
-7.84
-6.86
-5.88
-4.9
-3.92
-2.94
4.9
5.88
12.74
13.72
6.86
7.84
8.82
9.8
10.78
11.76
-21.56
-20.58
-19.6
-18.62
-17.64
-16.66
-11.76
-10.78
-9.8
-8.82
-7.84
-6.86
-5.88
-24.5
-23.52
-22.54
-15.68
-14.7
-13.72
-12.74
-11.76
-10.78
-9.8
-5.88
-4.9
-3.92
-26.46
-25.48
-2.94
-1.96
-28.42
-27.44
-1.96
-0.98
10.78
11.76
12.74
13.72
14.7
15.68
16.66
17.64
18.62
19.6
20.58
21.56
22.54
23.52
24.5
25.48
26.46
-30.38
-29.4
0
0.98
6.86
7.84
8.82
9.8
27.44
28.42
29.4
-31.36
0.98
1.96
2.94
3.92
4.9
5.88
30.38
31.36
32.34
-33.32
-32.34
33.32
34.3
-34.3
35.28
36.26
-35.28
37.24
-37.24
-36.26
38.22
39.2
-38.22
40.18
-39.2
41.16
-41.16
-40.18
42.14
-42.14
43.12
-42.14
44.1
-43.12
45.08
-44.1
46.06
-44.1
46.06
-45.08
47.04
-46.06
47.04
-46.06
48.02
-47.04
48.02
-48.02
48.02
-48.02
49
-49
49
-49.98
49
-49.98
49.98
-50.96
49.98
-51.94
50.96
-51.94
51.94
-52.92
52.92
-53.9
53.9
-53.9
53.9
-54.88
54.88
-55.86
55.86
-55.86
55.86
-55.86
56.84
-56.84
57.82
-56.84
57.82
-57.82
58.8
-57.82
59.78
-58.8
59.78
-59.78
60.76
-60.76
61.74
-60.76
61.74
-61.74
62.72
-62.72
62.72
-63.7
63.7
-63.7
64.68
-64.68
64.68
-64.68
64.68
-65.66
65.66
-65.66
65.66
-65.66
66.64
-66.64
66.64
-66.64
66.64
-67.62
66.64
-67.62
67.62
-67.62
67.62
-68.6
67.62
-68.6
67.62
-68.6
68.6
-68.6
68.6
-68.6
68.6
-68.6
68.6
-68.6
69.58
-68.6
69.58
-68.6
69.58
-68.6
69.58
-68.6
70.56
-68.6
70.56
-68.6
70.56
-68.6
70.56
-68.6
70.56
-68.6
71.54
-68.6
71.54
-68.6
71.54
-68.6
71.54
-68.6
71.54
-68.6
71.54
-68.6
70.56
-68.6
70.56
-69.58
70.56
-69.58
70.56
-69.58
70.56
-69.58
70.56
-69.58
70.56
-69.58
69.58
-69.58
69.58
-68.6
69.58
-68.6
68.6
-68.6
68.6
-68.6
68.6
-68.6
67.62
-67.62
67.62
-67.62
67.62
-67.62
67.62
-66.64
66.64
-66.64
66.64
-66.64
65.66
-65.66
65.66
-65.66
64.68
-64.68
64.68
-63.7
63.7
-62.72
63.7
-61.74
-0.98
0
0.98
1.96
62.72
-60.76
-1.96
1.96
2.94
62.72
-59.78
-1.96
2.94
61.74
-58.8
-2.94
2.94
61.74
-58.8
-2.94
2.94
61.74
-57.82
-2.94
2.94
60.76
-57.82
-1.96
2.94
60.76
-57.82
-1.96
2.94
60.76
-57.82
-0.98
1.96
59.78
-56.84
0
0.98
59.78
-56.84
58.8
-56.84
57.82
58.8
-55.86
56.84
-54.88
54.88
55.86
-53.9
53.9
-52.92
-51.94
51.94
52.92
-50.96
-49.98
50.96
-49
-48.02
49.98
-47.04
49.98
-46.06
49
-45.08
49
-45.08
49
-45.08
49
-45.08
49
-46.06
49
-46.06
49
-47.04
49
-48.02
49
-48.02
49.98
-49
49.98
-49.98
49.98
-49.98
50.96
-50.96
50.96
-50.96
50.96
-50.96
51.94
-50.96
51.94
-50.96
51.94
-50.96
51.94
-50.96
52.92
-50.96
52.92
-50.96
51.94
-49.98
51.94
-49.98
51.94
-49
51.94
-49
50.96
-48.02
50.96
-47.04
49.98
-47.04
49.98
-46.06
49
-45.08
47.04
48.02
-44.1
-43.12
46.06
-42.14
-41.16
-40.18
-39.2
-38.22
-37.24
-36.26
44.1
45.08
-37.24
-36.26
-35.28
43.12
-35.28
-34.3
-33.32
42.14
-34.3
-33.32
-32.34
41.16
-33.32
-32.34
-31.36
40.18
-32.34
-31.36
-30.38
39.2
-31.36
-30.38
-29.4
38.22
-29.4
-28.42
37.24
-28.42
-27.44
36.26
-27.44
-26.46
35.28
-26.46
-25.48
33.32
34.3
-25.48
-24.5
-23.52
31.36
32.34
-23.52
-22.54
29.4
30.38
-21.56
-20.58
-19.6
-18.62
26.46
27.44
28.42
-17.64
-16.66
-15.68
-14.7
-13.72
0
0.98
1.96
2.94
18.62
19.6
20.58
21.56
22.54
23.52
24.5
25.48
-12.74
-11.76
-10.78
-1.96
-0.98
3.92
15.68
16.66
17.64
-9.8
-8.82
-7.84
-3.92
-2.94
4.9
5.88
13.72
14.7
-6.86
-5.88
-4.9
6.86
7.84
11.76
12.74
8.82
9.8
10.78
-11.76
-10.78
-9.8
-8.82
-7.84
-6.86
-23.52
-22.54
-21.56
-20.58
-19.6
-18.62
-17.64
-16.66
-15.68
-14.7
-13.72
-12.74
-5.88
-4.9
-3.92
-26.46
-25.48
-24.5
-2.94
-1.96
15.68
16.66
17.64
18.62
19.6
20.58
21.56
22.54
-28.42
-27.44
-0.98
12.74
13.72
14.7
15.68
16.66
17.64
18.62
19.6
20.58
21.56
22.54
23.52
24.5
25.48
26.46
-29.4
0
0.98
8.82
9.8
10.78
11.76
27.44
28.42
-31.36
-30.38
1.96
2.94
3.92
4.9
5.88
6.86
7.84
29.4
30.38
-32.34
31.36
32.34
33.32
-34.3
-33.32
34.3
35.28
-35.28
36.26
37.24
-37.24
-36.26
38.22
-38.22
39.2
40.18
-39.2
41.16
-40.18
42.14
-41.16
43.12
-42.14
44.1
-43.12
45.08
-44.1
45.08
-44.1
46.06
-45.08
47.04
-45.08
47.04
-46.06
48.02
-46.06
48.02
-47.04
48.02
-48.02
0.98
49
-49
0
0.98
1.96
49
-49
0
0.98
1.96
49
-49.98
0
0.98
1.96
49.98
-50.96
49.98
-51.94
50.96
-51.94
50.96
-52.92
51.94
-53.9
52.92
-53.9
53.9
-54.88
54.88
-55.86
55.86
-55.86
55.86
-56.84
56.84
-56.84
56.84
-56.84
57.82
-57.82
58.8
-57.82
58.8
-58.8
59.78
-59.78
60.76
-59.78
61.74
-60.76
61.74
-61.74
62.72
-62.72
62.72
-62.72
63.7
-63.7
64.68
-64.68
64.68
-64.68
65.66
-64.68
65.66
-65.66
65.66
-65.66
66.64
-66.64
66.64
-66.64
66.64
-66.64
67.62
-67.62
67.62
-67.62
67.62
-68.6
67.62
-68.6
67.62
-68.6
68.6
-68.6
68.6
-68.6
68.6
-68.6
68.6
-68.6
69.58
-68.6
69.58
-68.6
69.58
-68.6
69.58
-68.6
69.58
-68.6
70.56
-68.6
70.56
-68.6
70.56
-68.6
70.56
-68.6
70.56
-68.6
71.54
-68.6
71.54
-68.6
71.54
-68.6
71.54
-68.6
71.54
-69.58
71.54
-69.58
71.54
-69.58
71.54
-69.58
70.56
-69.58
70.56
-69.58
70.56
-69.58
70.56
-69.58
70.56
-69.58
69.58
-69.58
69.58
-69.58
69.58
-68.6
69.58
-68.6
68.6
-68.6
68.6
-68.6
67.62
-67.62
67.62
-67.62
67.62
-67.62
66.64
-66.64
66.64
-66.64
66.64
-66.64
65.66
-65.66
65.66
-65.66
64.68
-64.68
64.68
-63.7
63.7
-62.72
62.72
-61.74
62.72
-60.76
-0.98
0
0.98
61.74
-59.78
-0.98
1.96
61.74
-59.78
-1.96
-0.98
1.96
61.74
-58.8
-1.96
1.96
61.74
-58.8
-1.96
1.96
60.76
-57.82
-0.98
1.96
60.76
-57.82
-0.98
0.98
1.96
60.76
-57.82
0
0.98
60.76
-56.84
59.78
-56.84
58.8
-56.84
57.82
-55.86
55.86
56.84
-54.88
53.9
54.88
-53.9
51.94
52.92
-52.92
-51.94
49
49.98
50.96
-50.96
-49.98
49
49.98
-49
-48.02
49
-47.04
-46.06
49
-46.06
48.02
-45.08
49
-45.08
49
-46.06
49
-46.06
49
-46.06
49
-47.04
49
-48.02
49.98
-48.02
49.98
-49
49.98
-49.98
50.96
-49.98
50.96
-50.96
50.96
-50.96
51.94
-51.94
51.94
-51.94
51.94
-51.94
52.92
-51.94
52.92
-51.94
52.92
-51.94
52.92
-51.94
52.92
-50.96
52.92
-50.96
52.92
-49.98
51.94
-49.98
51.94
-49
50.96
-48.02
50.96
-48.02
50.96
-47.04
49.98
-47.04
49
-46.06
49
-45.08
47.04
48.02
-44.1
-43.12
-42.14
46.06
-41.16
-40.18
-39.2
-38.22
44.1
45.08
-38.22
-37.24
-36.26
43.12
-36.26
-35.28
42.14
-35.28
-34.3
41.16
-34.3
-33.32
40.18
-33.32
-32.34
39.2
-32.34
-31.36
-30.38
38.22
-31.36
-30.38
-29.4
37.24
-29.4
-28.42
36.26
-28.42
-27.44
35.28
-27.44
-26.46
33.32
34.3
-25.48
-24.5
31.36
32.34
-23.52
-22.54
-21.56
29.4
30.38
-20.58
-19.6
-18.62
-17.64
-16.66
0
0.98
1.96
2.94
23.52
24.5
25.48
26.46
27.44
28.42
-15.68
-14.7
-13.72
-12.74
-1.96
-0.98
3.92
16.66
17.64
18.62
19.6
20.58
21.56
22.54
-11.76
-10.78
-9.8
-2.94
4.9
14.7
15.68
-8.82
-7.84
-6.86
-5.88
-4.9
-3.92
5.88
6.86
12.74
13.72
7.84
8.82
9.8
10.78
11.76
-11.76
-10.78
-9.8
-8.82
-7.84
-22.54
-21.56
-20.58
-19.6
-18.62
-17.64
-16.66
-15.68
-14.7
-13.72
-12.74
-6.86
-5.88
-4.9
-3.92
-25.48
-24.5
-23.52
-2.94
15.68
16.66
17.64
18.62
19.6
20.58
21.56
22.54
-27.44
-26.46
-1.96
-0.98
13.72
14.7
23.52
24.5
25.48
-29.4
-28.42
0
10.78
11.76
12.74
26.46
27.44
-30.38
0.98
1.96
6.86
7.84
8.82
9.8
28.42
29.4
-32.34
-31.36
2.94
3.92
4.9
5.88
30.38
31.36
-33.32
32.34
33.32
-35.28
-34.3
34.3
35.28
-36.26
36.26
37.24
-38.22
-37.24
38.22
39.2
-39.2
40.18
-40.18
41.16
42.14
-41.16
43.12
-42.14
43.12
-43.12
44.1
-43.12
45.08
-44.1
46.06
-44.1
46.06
-45.08
47.04
-45.08
47.04
-46.06
48.02
-47.04
48.02
-47.04
0.98
49
-48.02
0
1.96
49
-49
-0.98
2.94
49
-49.98
-0.98
2.94
49.98
-49.98
-0.98
2.94
49.98
-50.96
0
0.98
1.96
2.94
50.96
-51.94
50.96
-52.92
51.94
-52.92
52.92
-53.9
53.9
-54.88
54.88
-54.88
54.88
-55.86
55.86
-55.86
56.84
-56.84
56.84
-56.84
57.82
-57.82
57.82
-57.82
58.8
-58.8
59.78
-59.78
59.78
-59.78
60.76
-60.76
61.74
-60.76
62.72
-61.74
62.72
-62.72
63.7
-63.7
64.68
-63.7
64.68
-64.68
65.66
-64.68
65.66
-65.66
65.66
-65.66
66.64
-65.66
66.64
-66.64
66.64
-66.64
67.62
-67.62
67.62
-67.62
67.62
-68.6
67.62
-68.6
68.6
-68.6
68.6
-68.6
68.6
-69.58
68.6
-69.58
68.6
-69.58
69.58
-69.58
69.58
-69.58
69.58
-69.58
69.58
-69.58
69.58
-69.58
69.58
-69.58
69.58
-69.58
70.56
-69.58
70.56
-69.58
70.56
-69.58
70.56
-69.58
71.54
-69.58
71.54
-69.58
71.54
-69.58
71.54
-69.58
71.54
-69.58
71.54
-69.58
71.54
-69.58
71.54
-69.58
71.54
-69.58
71.54
-69.58
70.56
-69.58
70.56
-69.58
70.56
-69.58
70.56
-69.58
69.58
-68.6
69.58
-68.6
69.58
-68.6
68.6
-68.6
68.6
-68.6
67.62
-67.62
67.62
-67.62
67.62
-67.62
66.64
-66.64
66.64
-66.64
66.64
-65.66
65.66
-65.66
65.66
-64.68
64.68
-64.68
63.7
-63.7
63.7
-62.72
62.72
-61.74
62.72
-60.76
61.74
-60.76
0
0.98
61.74
-59.78
0
0.98
61.74
-58.8
-0.98
0
0.98
61.74
-58.8
-0.98
0
0.98
61.74
-58.8
0
0.98
60.76
-57.82
0
60.76
-57.82
60.76
-57.82
59.78
-56.84
58.8
59.78
-56.84
57.82
-55.86
54.88
55.86
56.84
-54.88
51.94
52.92
53.9
-53.9
-52.92
47.04
48.02
49
49.98
50.96
-51.94
-50.96
47.04
48.02
-49.98
-49
-48.02
47.04
48.02
-47.04
-46.06
48.02
-45.08
48.02
-45.08
48.02
-45.08
48.02
-45.08
49
-46.06
49
-46.06
49
-47.04
49.98
-48.02
49.98
-48.02
49.98
-49
50.96
-49.98
50.96
-49.98
50.96
-50.96
51.94
-50.96
51.94
-51.94
51.94
-51.94
52.92
-51.94
52.92
-51.94
52.92
-51.94
52.92
-51.94
52.92
-51.94
52.92
-51.94
52.92
-51.94
52.92
-50.96
52.92
-50.96
52.92
-49.98
51.94
-49
51.94
-49
50.96
-48.02
50.96
-48.02
49.98
-47.04
49.98
-46.06
49
-46.06
48.02
-45.08
-44.1
47.04
-43.12
-42.14
45.08
46.06
-41.16
-40.18
-39.2
44.1
-39.2
-38.22
-37.24
43.12
-37.24
-36.26
42.14
-36.26
-35.28
41.16
-35.28
-34.3
40.18
-34.3
-33.32
39.2
-33.32
-32.34
38.22
-32.34
-31.36
-30.38
37.24
-30.38
-29.4
36.26
-29.4
-28.42
35.28
-27.44
-26.46
33.32
34.3
-25.48
-24.5
31.36
32.34
-23.52
-22.54
-21.56
-20.58
0
0.98
1.96
2.94
28.42
29.4
30.38
-19.6
-18.62
-17.64
-16.66
-15.68
-14.7
-0.98
3.92
18.62
19.6
20.58
21.56
22.54
23.52
24.5
25.48
26.46
27.44
-13.72
-12.74
-11.76
-10.78
-2.94
-1.96
4.9
15.68
16.66
17.64
-9.8
-8.82
-7.84
-6.86
-5.88
-4.9
-3.92
5.88
13.72
14.7
6.86
7.84
8.82
9.8
10.78
11.76
12.74
-21.56
-20.58
-19.6
-18.62
-17.64
-16.66
-15.68
-14.7
-13.72
-12.74
-11.76
-10.78
-9.8
-8.82
-7.84
-6.86
-5.88
-4.9
-24.5
-23.52
-22.54
-3.92
-2.94
16.66
17.64
18.62
19.6
20.58
21.56
22.54
-26.46
-25.48
-1.96
13.72
14.7
15.68
23.52
24.5
-28.42
-27.44
-0.98
0
11.76
12.74
25.48
26.46
-30.38
-29.4
0.98
8.82
9.8
10.78
27.44
28.42
-31.36
1.96
2.94
3.92
4.9
5.88
6.86
7.84
29.4
30.38
-33.32
-32.34
31.36
32.34
-34.3
33.32
34.3
-36.26
-35.28
35.28
36.26
-37.24
37.24
38.22
-38.22
39.2
40.18
-40.18
-39.2
41.16
-41.16
42.14
-42.14
43.12
-42.14
44.1
-43.12
45.08
-44.1
45.08
-44.1
46.06
-45.08
46.06
-45.08
47.04
-46.06
48.02
-46.06
48.02
-47.04
49
-47.04
0
0.98
1.96
49
-48.02
-0.98
2.94
49
-49
-0.98
2.94
49.98
-49.98
-0.98
3.92
49.98
-50.96
-0.98
3.92
49.98
-50.96
0
3.92
50.96
-51.94
0.98
1.96
2.94
51.94
-52.92
52.92
-53.9
52.92
-53.9
53.9
-54.88
54.88
-55.86
55.86
-55.86
55.86
-56.84
56.84
-56.84
56.84
-57.82
57.82
-57.82
58.8
-58.8
58.8
-59.78
59.78
-59.78
60.76
-60.76
60.76
-60.76
61.74
-61.74
62.72
-62.72
63.7
-62.72
63.7
-63.7
64.68
-63.7
65.66
-64.68
65.66
-64.68
65.66
-65.66
66.64
-65.66
66.64
-66.64
67.62
-66.64
67.62
-66.64
67.62
-67.62
67.62
-67.62
68.6
-68.6
68.6
-68.6
68.6
-68.6
68.6
-69.58
68.6
-69.58
69.58
-69.58
-5.88
-4.9
69.58
-69.58
-8.82
-7.84
-6.86
-5.88
69.58
-69.58
-8.82
-7.84
-6.86
69.58
-69.58
-8.82
69.58
-69.58
69.58
-69.58
69.58
-69.58
69.58
-69.58
69.58
-69.58
70.56
-69.58
70.56
-69.58
70.56
-69.58
70.56
-69.58
71.54
-69.58
71.54
-69.58
71.54
-69.58
71.54
-69.58
71.54
-69.58
71.54
-69.58
71.54
-69.58
71.54
-69.58
71.54
-69.58
71.54
-69.58
71.54
-69.58
70.56
-69.58
70.56
-69.58
70.56
-69.58
69.58
-68.6
69.58
-68.6
69.58
-68.6
68.6
-68.6
68.6
-67.62
67.62
-67.62
67.62
-67.62
67.62
-66.64
66.64
-66.64
66.64
-66.64
66.64
-65.66
65.66
-65.66
65.66
-64.68
64.68
-64.68
63.7
-63.7
63.7
-62.72
62.72
-62.72
62.72
-61.74
61.74
-60.76
61.74
-59.78
61.74
-59.78
61.74
-58.8
61.74
-58.8
61.74
-57.82
60.76
-57.82
60.76
-57.82
59.78
-56.84
58.8
59.78
-56.84
57.82
-55.86
53.9
54.88
55.86
56.84
-54.88
46.06
47.04
48.02
49
49.98
50.96
51.94
52.92
-53.9
-52.92
46.06
-51.94
-50.96
-49.98
-49
-46.06
46.06
-48.02
-47.04
-46.06
-45.08
46.06
-45.08
47.04
-45.08
47.04
-45.08
48.02
-45.08
48.02
-46.06
49
-46.06
49
-47.04
49.98
-47.04
49.98
-48.02
50.96
-49
50.96
-49
50.96
-49.98
51.94
-50.96
51.94
-50.96
51.94
-51.94
52.92
-51.94
52.92
-51.94
52.92
-52.92
52.92
-52.92
53.9
-52.92
53.9
-52.92
53.9
-52.92
53.9
-51.94
53.9
-51.94
52.92
-51.94
52.92
-50.96
52.92
-49.98
51.94
-49.98
51.94
-49
51.94
-49
50.96
-48.02
50.96
-48.02
49.98
-47.04
49.98
-46.06
49
-45.08
48.02
-44.1
46.06
47.04
-43.12
-42.14
45.08
-41.16
-40.18
44.1
-39.2
-38.22
43.12
-38.22
-37.24
42.14
-37.24
-36.26
41.16
-36.26
-35.28
40.18
-35.28
-34.3
39.2
-34.3
-33.32
38.22
-33.32
-32.34
-31.36
37.24
-31.36
-30.38
36.26
-29.4
-28.42
35.28
-27.44
-26.46
0.98
33.32
34.3
-25.48
-24.5
-23.52
0
1.96
2.94
30.38
31.36
32.34
-22.54
-21.56
-20.58
-19.6
-18.62
-0.98
3.92
22.54
23.52
24.5
25.48
26.46
27.44
28.42
29.4
-17.64
-16.66
-15.68
-14.7
-13.72
-12.74
-2.94
-1.96
4.9
17.64
18.62
19.6
20.58
21.56
-11.76
-10.78
-9.8
-8.82
-4.9
-3.92
5.88
14.7
15.68
16.66
-7.84
-6.86
-5.88
6.86
7.84
11.76
12.74
13.72
8.82
9.8
10.78
-17.64
-16.66
-15.68
-14.7
-13.72
-12.74
-11.76
-10.78
-9.8
-8.82
-7.84
-6.86
-23.52
-22.54
-21.56
-20.58
-19.6
-18.62
-5.88
-4.9
-3.92
16.66
17.64
18.62
19.6
20.58
21.56
-25.48
-24.5
-2.94
-1.96
14.7
15.68
22.54
23.52
24.5
-27.44
-26.46
-0.98
12.74
13.72
25.48
26.46
-29.4
-28.42
0
0.98
10.78
11.76
27.44
-30.38
1.96
6.86
7.84
8.82
9.8
28.42
29.4
-32.34
-31.36
2.94
3.92
4.9
5.88
30.38
-33.32
31.36
32.34
-35.28
-34.3
33.32
34.3
-36.26
35.28
36.26
-38.22
-37.24
37.24
38.22
-39.2
39.2
40.18
-40.18
41.16
-41.16
42.14
-42.14
43.12
-43.12
44.1
-43.12
45.08
-44.1
45.08
-44.1
46.06
-45.08
47.04
-45.08
47.04
-46.06
48.02
-46.06
48.02
-47.04
49
-48.02
0.98
49
-48.02
0
1.96
49.98
-49
-0.98
2.94
49.98
-49.98
-0.98
3.92
49.98
-50.96
-0.98
3.92
50.96
-51.94
-0.98
3.92
50.96
-51.94
0
0.98
2.94
51.94
-52.92
1.96
52.92
-53.9
53.9
-54.88
54.88
-54.88
54.88
-55.86
55.86
-56.84
56.84
-56.84
56.84
-57.82
57.82
-57.82
57.82
-58.8
58.8
-58.8
59.78
-59.78
59.78
-60.76
60.76
-60.76
61.74
-61.74
61.74
-61.74
62.72
-62.72
63.7
-63.7
64.68
-63.7
64.68
-64.68
65.66
-64.68
65.66
-65.66
66.64
-65.66
66.64
-65.66
67.62
-66.64
67.62
-66.64
67.62
-67.62
67.62
-67.62
68.6
-68.6
68.6
-68.6
68.6
-68.6
68.6
-69.58
69.58
-69.58
0
0.98
1.96
2.94
3.92
69.58
-69.58
-6.86
-5.88
-4.9
-3.92
-2.94
-1.96
-0.98
0
0.98
1.96
2.94
3.92
4.9
5.88
69.58
-69.58
-8.82
-7.84
-6.86
-3.92
-2.94
-1.96
-0.98
0
0.98
1.96
2.94
3.92
4.9
5.88
69.58
-69.58
-9.8
-4.9
-3.92
-2.94
-1.96
-0.98
0
0.98
1.96
2.94
3.92
69.58
-69.58
-9.8
-5.88
-4.9
69.58
-69.58
-9.8
-7.84
-6.86
69.58
-69.58
-8.82
69.58
-69.58
69.58
-69.58
69.58
-69.58
69.58
-69.58
70.56
-69.58
70.56
-69.58
70.56
-69.58
70.56
-69.58
71.54
-69.58
71.54
-69.58
71.54
-69.58
71.54
-69.58
71.54
-69.58
71.54
-69.58
71.54
-69.58
71.54
-69.58
71.54
-69.58
71.54
-69.58
71.54
-69.58
70.56
-69.58
70.56
-69.58
70.56
-68.6
69.58
-68.6
69.58
-68.6
69.58
-68.6
68.6
-67.62
68.6
-67.62
67.62
-67.62
67.62
-66.64
67.62
-66.64
66.64
-66.64
66.64
-65.66
66.64
-65.66
65.66
-65.66
65.66
-64.68
64.68
-64.68
63.7
-63.7
63.7
-62.72
62.72
-62.72
62.72
-61.74
61.74
-60.76
61.74
-60.76
61.74
-59.78
61.74
-59.78
61.74
-58.8
61.74
-58.8
61.74
-57.82
60.76
-57.82
60.76
-56.84
58.8
59.78
-56.84
56.84
57.82
-55.86
46.06
47.04
48.02
49
49.98
50.96
51.94
52.92
53.9
54.88
55.86
-54.88
-53.9
45.08
-52.92
-51.94
-50.96
-47.04
-46.06
-45.08
45.08
-49.98
-49
-48.02
-47.04
-45.08
-44.1
45.08
-44.1
46.06
-44.1
47.04
-44.1
47.04
-44.1
48.02
-45.08
49
-46.06
49
-46.06
49.98
-47.04
49.98
-48.02
50.96
-48.02
50.96
-49
51.94
-49.98
51.94
-50.96
51.94
-50.96
52.92
-51.94
52.92
-51.94
52.92
-52.92
53.9
-52.92
53.9
-52.92
53.9
-52.92
53.9
-52.92
53.9
-52.92
53.9
-52.92
53.9
-52.92
53.9
-51.94
53.9
-51.94
52.92
-50.96
52.92
-50.96
52.92
-49.98
51.94
-49.98
51.94
-49
50.96
-49
50.96
-48.02
49.98
-47.04
49.98
-47.04
49
-46.06
48.02
-45.08
47.04
-44.1
-43.12
46.06
-42.14
-41.16
45.08
-40.18
44.1
-39.2
43.12
-38.22
42.14
-37.24
41.16
-36.26
40.18
-35.28
39.2
-34.3
38.22
-33.32
-32.34
37.24
-31.36
-30.38
35.28
36.26
-29.4
-28.42
-27.44
0.98
34.3
-26.46
-25.48
-24.5
0
1.96
2.94
32.34
33.32
-23.52
-22.54
-21.56
-0.98
3.92
29.4
30.38
31.36
-20.58
-19.6
-18.62
-17.64
-16.66
-15.68
-2.94
-1.96
3.92
18.62
19.6
20.58
21.56
22.54
23.52
24.5
25.48
26.46
27.44
28.42
-14.7
-13.72
-12.74
-11.76
-10.78
-9.8
-3.92
4.9
5.88
15.68
16.66
17.64
-8.82
-7.84
-6.86
-5.88
-4.9
6.86
7.84
13.72
14.7
8.82
9.8
10.78
11.76
12.74
-13.72
-12.74
-11.76
-10.78
-9.8
-21.56
-20.58
-19.6
-18.62
-17.64
-16.66
-15.68
-14.7
-8.82
-7.84
-6.86
-5.88
-24.5
-23.52
-22.54
-4.9
-3.92
-2.94
15.68
16.66
17.64
18.62
19.6
20.58
21.56
22.54
23.52
-26.46
-25.48
-1.96
13.72
14.7
24.5
25.48
-28.42
-27.44
-0.98
0
11.76
12.74
26.46
-30.38
-29.4
0.98
8.82
9.8
10.78
27.44
28.42
-31.36
1.96
2.94
3.92
4.9
5.88
6.86
7.84
29.4
-33.32
-32.34
30.38
31.36
-34.3
32.34
33.32
-35.28
34.3
35.28
-37.24
-36.26
36.26
37.24
-38.22
38.22
39.2
-39.2
40.18
-40.18
41.16
42.14
-41.16
43.12
-42.14
44.1
-43.12
44.1
-44.1
45.08
-44.1
46.06
-45.08
46.06
-45.08
47.04
-46.06
47.04
-46.06
48.02
-47.04
48.02
-47.04
49
-48.02
49
-49
0.98
1.96
49.98
-49
0
2.94
49.98
-49.98
-0.98
3.92
50.96
-50.96
-0.98
3.92
50.96
-51.94
0
3.92
51.94
-52.92
0.98
3.92
52.92
-52.92
1.96
2.94
53.9
-53.9
54.88
-54.88
54.88
-55.86
55.86
-55.86
55.86
-56.84
56.84
-57.82
56.84
-57.82
57.82
-58.8
57.82
-58.8
58.8
-59.78
59.78
-60.76
59.78
-60.76
60.76
-61.74
61.74
-61.74
62.72
-62.72
62.72
-62.72
63.7
-63.7
64.68
-63.7
64.68
-64.68
65.66
-64.68
66.64
-65.66
66.64
-65.66
66.64
-66.64
67.62
-66.64
67.62
-67.62
67.62
-67.62
68.6
-67.62
68.6
-68.6
68.6
-68.6
68.6
-69.58
69.58
-69.58
-1.96
-0.98
0
0.98
1.96
2.94
3.92
4.9
5.88
69.58
-69.58
-6.86
-5.88
-4.9
-3.92
-2.94
-1.96
-0.98
4.9
5.88
6.86
69.58
-69.58
-8.82
-7.84
6.86
7.84
69.58
-69.58
-9.8
6.86
7.84
69.58
-69.58
-9.8
4.9
5.88
6.86
7.84
69.58
-69.58
-10.78
-3.92
-2.94
-1.96
-0.98
0
0.98
1.96
2.94
3.92
70.56
-69.58
-9.8
-6.86
-5.88
-4.9
70.56
-69.58
-8.82
-7.84
70.56
-69.58
70.56
-69.58
69.58
-69.58
70.56
-69.58
70.56
-69.58
70.56
-69.58
70.56
-69.58
70.56
-69.58
71.54
-69.58
71.54
-69.58
71.54
-69.58
71.54
-69.58
71.54
-69.58
71.54
-69.58
71.54
-69.58
71.54
-69.58
71.54
-69.58
71.54
-69.58
71.54
-69.58
70.56
-69.58
70.56
-69.58
70.56
-68.6
69.58
-68.6
69.58
-68.6
69.58
-67.62
68.6
-67.62
68.6
-67.62
68.6
-66.64
67.62
-66.64
67.62
-66.64
67.62
-65.66
66.64
-65.66
66.64
-65.66
66.64
-64.68
65.66
-64.68
64.68
-63.7
64.68
-63.7
63.7
-63.7
62.72
-62.72
62.72
-61.74
62.72
-61.74
62.72
-60.76
61.74
-60.76
61.74
-59.78
61.74
-59.78
61.74
-58.8
61.74
-58.8
60.76
-57.82
60.76
-56.84
58.8
59.78
-56.84
46.06
47.04
48.02
56.84
57.82
-55.86
-54.88
45.08
49
49.98
50.96
51.94
52.92
53.9
54.88
55.86
-53.9
-52.92
-47.04
-46.06
-45.08
44.1
-51.94
-50.96
-49.98
-49
-48.02
-44.1
44.1
-43.12
45.08
-43.12
45.08
-43.12
46.06
-44.1
47.04
-44.1
48.02
-45.08
49
-46.06
49
-47.04
49.98
-47.04
50.96
-48.02
50.96
-49
51.94
-49.98
51.94
-50.96
52.92
-50.96
52.92
-51.94
53.9
-51.94
53.9
-52.92
53.9
-52.92
53.9
-52.92
53.9
-52.92
53.9
-53.9
53.9
-53.9
53.9
-52.92
53.9
-52.92
53.9
-52.92
53.9
-52.92
53.9
-51.94
52.92
-50.96
52.92
-50.96
52.92
-49.98
51.94
-49.98
51.94
-49
50.96
-49
50.96
-48.02
49.98
-48.02
49.98
-47.04
49
-46.06
49
-45.08
48.02
-44.1
46.06
47.04
-43.12
45.08
-42.14
-41.16
44.1
-40.18
43.12
-39.2
42.14
-38.22
41.16
-37.24
40.18
-36.26
40.18
-36.26
-35.28
39.2
-34.3
37.24
38.22
-33.32
-32.34
36.26
-31.36
-30.38
-29.4
0
0.98
35.28
-28.42
-27.44
-26.46
-0.98
1.96
33.32
34.3
-25.48
-24.5
-23.52
-22.54
-1.96
2.94
31.36
32.34
-21.56
-20.58
-19.6
-2.94
3.92
21.56
22.54
23.52
24.5
25.48
26.46
27.44
28.42
29.4
30.38
-18.62
-17.64
-16.66
-15.68
-14.7
-13.72
-12.74
-11.76
-3.92
4.9
16.66
17.64
18.62
19.6
20.58
-10.78
-9.8
-8.82
-7.84
-6.86
-5.88
-4.9
5.88
6.86
13.72
14.7
15.68
7.84
8.82
9.8
10.78
11.76
12.74
-18.62
-17.64
-16.66
-15.68
-14.7
-13.72
-12.74
-11.76
-10.78
-9.8
-8.82
-7.84
-22.54
-21.56
-20.58
-19.6
-6.86
-5.88
-4.9
16.66
17.64
18.62
19.6
20.58
21.56
-25.48
-24.5
-23.52
-3.92
-2.94
13.72
14.7
15.68
22.54
23.52
24.5
-27.44
-26.46
-1.96
-0.98
12.74
25.48
26.46
-29.4
-28.42
0
10.78
11.76
27.44
-30.38
0.98
1.96
7.84
8.82
9.8
28.42
29.4
-32.34
-31.36
2.94
3.92
4.9
5.88
6.86
30.38
-33.32
31.36
-34.3
32.34
33.32
-36.26
-35.28
34.3
35.28
-37.24
36.26
37.24
-38.22
38.22
39.2
-39.2
40.18
41.16
-40.18
42.14
-41.16
43.12
-42.14
44.1
-43.12
44.1
-44.1
45.08
-44.1
46.06
-45.08
46.06
-46.06
47.04
-46.06
47.04
-47.04
48.02
-47.04
48.02
-48.02
49
-48.02
49.98
-49
49.98
-49.98
0.98
1.96
50.96
-49.98
0
2.94
50.96
-50.96
0
3.92
51.94
-51.94
0
3.92
51.94
-52.92
0.98
3.92
52.92
-53.9
1.96
2.94
53.9
-53.9
54.88
-54.88
55.86
-55.86
55.86
-56.84
56.84
-56.84
56.84
-57.82
57.82
-58.8
57.82
-58.8
58.8
-59.78
58.8
-59.78
59.78
-60.76
60.76
-61.74
60.76
-61.74
61.74
-62.72
62.72
-62.72
63.7
-63.7
63.7
-63.7
64.68
-64.68
65.66
-64.68
65.66
-65.66
66.64
-65.66
66.64
-65.66
67.62
-66.64
67.62
-66.64
67.62
-67.62
68.6
-67.62
68.6
-68.6
68.6
-68.6
68.6
-68.6
69.58
-69.58
-1.96
-0.98
0
0.98
1.96
2.94
3.92
4.9
5.88
69.58
-69.58
-5.88
-4.9
-3.92
-2.94
6.86
69.58
-69.58
-7.84
-6.86
7.84
69.58
-69.58
-8.82
8.82
70.56
-69.58
-9.8
8.82
70.56
-69.58
-9.8
8.82
70.56
-69.58
-10.78
3.92
4.9
5.88
6.86
7.84
8.82
70.56
-69.58
-9.8
-4.9
-3.92
-2.94
-1.96
-0.98
0
0.98
1.96
2.94
70.56
-69.58
-8.82
-7.84
-6.86
-5.88
70.56
-69.58
70.56
-69.58
70.56
-69.58
70.56
-69.58
70.56
-69.58
70.56
-69.58
70.56
-69.58
70.56
-69.58
70.56
-69.58
71.54
-69.58
71.54
-69.58
71.54
-69.58
71.54
-69.58
71.54
-69.58
71.54
-69.58
71.54
-69.58
71.54
-69.58
71.54
-69.58
70.56
-69.58
70.56
-69.58
70.56
-68.6
70.56
-68.6
69.58
-68.6
69.58
-67.62
69.58
-67.62
68.6
-67.62
68.6
-66.64
68.6
-66.64
67.62
-65.66
67.62
-65.66
67.62
-65.66
67.62
-64.68
66.64
-64.68
66.64
-64.68
65.66
-64.68
65.66
-63.7
64.68
-63.7
63.7
-63.7
63.7
-62.72
62.72
-62.72
62.72
-61.74
62.72
-61.74
62.72
-60.76
62.72
-59.78
62.72
-59.78
61.74
-58.8
61.74
-58.8
60.76
-57.82
60.76
-56.84
58.8
59.78
-55.86
46.06
47.04
48.02
49
56.84
57.82
-54.88
-46.06
-45.08
45.08
49.98
50.96
51.94
52.92
53.9
54.88
55.86
-53.9
-52.92
-51.94
-49
-48.02
-47.04
-44.1
44.1
-50.96
-49.98
-43.12
44.1
-43.12
45.08
-43.12
45.08
-43.12
46.06
-44.1
47.04
-44.1
48.02
-45.08
49
-46.06
49.98
-47.04
50.96
-48.02
50.96
-49
51.94
-49.98
51.94
-49.98
52.92
-50.96
52.92
-51.94
53.9
-51.94
53.9
-52.92
53.9
-52.92
54.88
-52.92
54.88
-53.9
54.88
-53.9
54.88
-53.9
54.88
-53.9
54.88
-53.9
54.88
-52.92
53.9
-52.92
53.9
-52.92
53.9
-51.94
53.9
-51.94
52.92
-50.96
52.92
-49.98
51.94
-49.98
51.94
-49
50.96
-49
50.96
-48.02
50.96
-48.02
49.98
-47.04
49.98
-47.04
49
-46.06
48.02
-45.08
47.04
-44.1
-43.12
46.06
-42.14
45.08
-41.16
44.1
-40.18
43.12
-39.2
42.14
-38.22
41.16
-37.24
40.18
-36.26
39.2
-35.28
38.22
-34.3
-33.32
37.24
-32.34
-31.36
-30.38
0
0.98
35.28
36.26
-29.4
-28.42
-27.44
-0.98
1.96
34.3
-26.46
-25.48
-24.5
-23.52
-1.96
2.94
32.34
33.32
-22.54
-21.56
-2.94
3.92
28.42
29.4
30.38
31.36
-20.58
-19.6
-18.62
-17.64
-16.66
-3.92
4.9
18.62
19.6
20.58
21.56
22.54
23.52
24.5
25.48
26.46
27.44
-15.68
-14.7
-13.72
-12.74
-11.76
-10.78
-9.8
-8.82
-7.84
-6.86
-5.88
-4.9
5.88
6.86
14.7
15.68
16.66
17.64
7.84
8.82
9.8
10.78
11.76
12.74
13.72
-13.72
-12.74
-11.76
-21.56
-20.58
-19.6
-18.62
-17.64
-16.66
-15.68
-14.7
-10.78
-9.8
-8.82
-7.84
-6.86
-24.5
-23.52
-22.54
-5.88
-4.9
-3.92
15.68
16.66
17.64
18.62
19.6
20.58
21.56
22.54
-26.46
-25.48
-2.94
-1.96
13.72
14.7
23.52
24.5
-28.42
-27.44
-0.98
11.76
12.74
25.48
26.46
-29.4
0
0.98
9.8
10.78
27.44
28.42
-31.36
-30.38
1.96
2.94
5.88
6.86
7.84
8.82
29.4
-32.34
3.92
4.9
30.38
-34.3
-33.32
31.36
32.34
-35.28
33.32
34.3
-36.26
35.28
-37.24
36.26
37.24
-38.22
38.22
39.2
-39.2
40.18
41.16
-40.18
42.14
-41.16
43.12
-42.14
44.1
-43.12
45.08
-44.1
45.08
-45.08
46.06
-45.08
46.06
-46.06
47.04
-46.06
47.04
-47.04
48.02
-47.04
48.02
-48.02
49
-49
49.98
-49
49.98
-49.98
50.96
-50.96
0.98
1.96
50.96
-51.94
0.98
1.96
2.94
51.94
-51.94
0.98
1.96
2.94
52.92
-52.92
1.96
2.94
53.9
-53.9
54.88
-54.88
54.88
-54.88
55.86
-55.86
56.84
-56.84
56.84
-57.82
56.84
-57.82
57.82
-58.8
57.82
-59.78
58.8
-59.78
58.8
-60.76
59.78
-61.74
60.76
-61.74
60.76
-62.72
61.74
-62.72
62.72
-63.7
63.7
-63.7
63.7
-64.68
64.68
-64.68
65.66
-64.68
65.66
-65.66
66.64
-65.66
66.64
-66.64
67.62
-66.64
67.62
-66.64
67.62
-67.62
68.6
-67.62
68.6
-68.6
68.6
-68.6
2.94
69.58
-68.6
-1.96
-0.98
0
0.98
1.96
2.94
3.92
4.9
5.88
69.58
-69.58
-5.88
-4.9
-3.92
-2.94
6.86
69.58
-69.58
-7.84
-6.86
7.84
69.58
-69.58
-8.82
8.82
70.56
-69.58
-9.8
9.8
70.56
-69.58
-9.8
9.8
70.56
-69.58
-9.8
9.8
70.56
-69.58
-9.8
9.8
70.56
-69.58
-9.8
-2.94
-1.96
-0.98
0
0.98
1.96
2.94
3.92
4.9
5.88
6.86
7.84
8.82
70.56
-69.58
-8.82
-7.84
-6.86
-5.88
-4.9
-3.92
70.56
-69.58
70.56
-69.58
70.56
-69.58
70.56
-69.58
70.56
-69.58
70.56
-69.58
70.56
-70.56
70.56
-70.56
70.56
-69.58
71.54
-69.58
71.54
-69.58
71.54
-69.58
71.54
-69.58
71.54
-69.58
71.54
-69.58
71.54
-69.58
71.54
-69.58
70.56
-69.58
70.56
-69.58
70.56
-69.58
70.56
-68.6
69.58
-68.6
69.58
-68.6
69.58
-67.62
69.58
-67.62
68.6
-66.64
68.6
-66.64
68.6
-65.66
68.6
-65.66
67.62
-64.68
67.62
-64.68
67.62
-64.68
67.62
-64.68
66.64
-64.68
66.64
-64.68
65.66
-63.7
65.66
-63.7
64.68
-63.7
63.7
-62.72
63.7
-62.72
63.7
-61.74
62.72
-61.74
62.72
-60.76
62.72
-60.76
62.72
-59.78
61.74
-58.8
61.74
-58.8
61.74
-57.82
60.76
-56.84
58.8
59.78
-55.86
47.04
48.02
56.84
57.82
-54.88
-53.9
-47.04
-46.06
-45.08
46.06
49
49.98
50.96
51.94
52.92
53.9
54.88
55.86
-52.92
-51.94
-50.96
-49.98
-49
-48.02
-44.1
45.08
-44.1
45.08
-43.12
45.08
-44.1
46.06
-44.1
47.04
-44.1
48.02
-45.08
49
-46.06
49.98
-47.04
50.96
-48.02
50.96
-49
51.94
-49.98
52.92
-50.96
52.92
-50.96
53.9
-51.94
53.9
-51.94
53.9
-52.92
54.88
-52.92
54.88
-53.9
54.88
-53.9
54.88
-53.9
54.88
-53.9
54.88
-53.9
54.88
-53.9
54.88
-53.9
54.88
-53.9
54.88
-52.92
53.9
-52.92
53.9
-51.94
53.9
-51.94
52.92
-50.96
52.92
-50.96
51.94
-49.98
51.94
-49
50.96
-49
50.96
-48.02
50.96
-48.02
49.98
-47.04
49.98
-47.04
49
-46.06
48.02
-45.08
47.04
-44.1
46.06
-43.12
45.08
-42.14
44.1
-41.16
43.12
-40.18
42.14
-39.2
41.16
-38.22
40.18
-37.24
39.2
-36.26
38.22
-35.28
-34.3
37.24
-33.32
-32.34
-31.36
0
0.98
36.26
-30.38
-29.4
-28.42
-0.98
1.96
34.3
35.28
-27.44
-26.46
-25.48
-24.5
-1.96
2.94
32.34
33.32
-23.52
-22.54
-2.94
3.92
30.38
31.36
-21.56
-20.58
-19.6
-3.92
4.9
22.54
23.52
24.5
25.48
26.46
27.44
28.42
29.4
-18.62
-17.64
-16.66
-15.68
-14.7
-13.72
-12.74
-11.76
-10.78
-9.8
-8.82
-7.84
-6.86
-5.88
-4.9
5.88
6.86
16.66
17.64
18.62
19.6
20.58
21.56
7.84
8.82
9.8
10.78
11.76
12.74
13.72
14.7
15.68
-18.62
-17.64
-16.66
-15.68
-14.7
-13.72
-12.74
-11.76
-10.78
-9.8
-8.82
-22.54
-21.56
-20.58
-19.6
-7.84
-6.86
-5.88
17.64
18.62
19.6
-24.5
-23.52
-4.9
-3.92
14.7
15.68
16.66
20.58
21.56
22.54
23.52
-27.44
-26.46
-25.48
-2.94
-1.96
12.74
13.72
24.5
25.48
-28.42
-0.98
0
10.78
11.76
26.46
27.44
-30.38
-29.4
0.98
8.82
9.8
28.42
-31.36
1.96
2.94
3.92
4.9
5.88
6.86
7.84
29.4
30.38
-33.32
-32.34
31.36
-34.3
32.34
-35.28
33.32
34.3
-36.26
35.28
36.26
-37.24
37.24
38.22
-38.22
39.2
-39.2
40.18
41.16
-40.18
42.14
-41.16
43.12
-42.14
44.1
-43.12
45.08
-44.1
45.08
-45.08
46.06
-46.06
46.06
-46.06
47.04
-47.04
47.04
-47.04
48.02
-48.02
48.02
-48.02
49
-49
49.98
-49.98
49.98
-49.98
50.96
-50.96
51.94
-51.94
52.92
-52.92
52.92
-52.92
53.9
-53.9
54.88
-54.88
55.86
-55.86
55.86
-55.86
56.84
-56.84
56.84
-57.82
57.82
-58.8
57.82
-58.8
58.8
-59.78
58.8
-60.76
59.78
-60.76
59.78
-61.74
60.76
-62.72
60.76
-62.72
61.74
-63.7
62.72
-63.7
62.72
-63.7
63.7
-64.68
64.68
-64.68
65.66
-65.66
65.66
-65.66
66.64
-65.66
66.64
-66.64
67.62
-66.64
67.62
-67.62
67.62
-67.62
68.6
-67.62
68.6
-68.6
1.96
2.94
68.6
-68.6
-1.96
-0.98
0
0.98
1.96
3.92
4.9
5.88
69.58
-68.6
-4.9
-3.92
-2.94
6.86
69.58
-69.58
-7.84
-6.86
-5.88
7.84
69.58
-69.58
-8.82
8.82
69.58
-69.58
-9.8
9.8
70.56
-69.58
-9.8
9.8
70.56
-69.58
-9.8
9.8
70.56
-69.58
-9.8
9.8
70.56
-69.58
-9.8
9.8
70.56
-69.58
-9.8
9.8
70.56
-69.58
-8.82
-4.9
-3.92
-2.94
-1.96
-0.98
0
0.98
1.96
2.94
3.92
4.9
5.88
6.86
7.84
8.82
70.56
-69.58
-7.84
-6.86
-5.88
70.56
-69.58
70.56
-69.58
70.56
-69.58
70.56
-69.58
70.56
-70.56
70.56
-70.56
70.56
-70.56
70.56
-70.56
70.56
-69.58
71.54
-69.58
71.54
-69.58
71.54
-69.58
71.54
-69.58
71.54
-69.58
70.56
-69.58
70.56
-69.58
70.56
-69.58
70.56
-69.58
70.56
-68.6
70.56
-68.6
69.58
-68.6
69.58
-67.62
69.58
-67.62
69.58
-66.64
69.58
-66.64
68.6
-65.66
68.6
-65.66
68.6
-64.68
68.6
-64.68
67.62
-64.68
67.62
-64.68
67.62
-64.68
67.62
-64.68
66.64
-63.7
66.64
-63.7
65.66
-63.7
64.68
-63.7
64.68
-62.72
63.7
-62.72
63.7
-62.72
63.7
-61.74
62.72
-60.76
62.72
-60.76
62.72
-59.78
62.72
-59.78
61.74
-58.8
61.74
-57.82
60.76
-56.84
58.8
59.78
-55.86
56.84
57.82
-54.88
-53.9
-46.06
47.04
48.02
49
49.98
50.96
51.94
52.92
53.9
54.88
55.86
-52.92
-51.94
-50.96
-49.98
-49
-48.02
-47.04
-45.08
46.06
-44.1
45.08
-44.1
45.08
-44.1
46.06
-45.08
47.04
48.02
-46.06
-45.08
49
-47.04
-46.06
49.98
-48.02
-47.04
50.96
-49
-48.02
51.94
-49.98
-49
51.94
-50.96
-49.98
52.92
-50.96
52.92
-51.94
53.9
-51.94
53.9
-52.92
54.88
-52.92
54.88
-52.92
54.88
-53.9
54.88
-53.9
54.88
-53.9
55.86
-53.9
55.86
-53.9
54.88
-53.9
54.88
-53.9
54.88
-53.9
54.88
-53.9
54.88
-53.9
54.88
-52.92
53.9
-52.92
53.9
-51.94
52.92
-50.96
52.92
-50.96
52.92
-49.98
51.94
-49
51.94
-49
50.96
-49
50.96
-48.02
49.98
-47.04
49.98
-47.04
49
-46.06
48.02
-45.08
48.02
-44.1
46.06
47.04
-44.1
-43.12
45.08
-42.14
44.1
-41.16
43.12
-40.18
42.14
-39.2
41.16
-39.2
40.18
-38.22
39.2
-37.24
-36.26
38.22
-35.28
-34.3
37.24
-33.32
-32.34
36.26
-31.36
-30.38
-29.4
-28.42
-0.98
0
0.98
1.96
34.3
35.28
-27.44
-26.46
-25.48
-1.96
2.94
33.32
-24.5
-23.52
-22.54
-2.94
3.92
30.38
31.36
32.34
-21.56
-20.58
-3.92
4.9
25.48
26.46
27.44
28.42
29.4
-19.6
-18.62
-17.64
-16.66
-14.7
-13.72
-12.74
-11.76
-10.78
-9.8
-8.82
-7.84
-6.86
-5.88
-4.9
5.88
6.86
18.62
19.6
20.58
21.56
22.54
23.52
24.5
-15.68
7.84
8.82
9.8
10.78
11.76
12.74
13.72
14.7
15.68
16.66
17.64
-20.58
-19.6
-18.62
-17.64
-16.66
-15.68
-14.7
-13.72
-12.74
-11.76
-10.78
-9.8
-8.82
-7.84
-23.52
-22.54
-21.56
-6.86
-5.88
16.66
17.64
18.62
19.6
20.58
-25.48
-24.5
-4.9
-3.92
-2.94
13.72
14.7
15.68
21.56
22.54
23.52
-27.44
-26.46
-1.96
11.76
12.74
24.5
25.48
26.46
-29.4
-28.42
-0.98
0
9.8
10.78
27.44
-30.38
0.98
7.84
8.82
28.42
29.4
-32.34
-31.36
1.96
2.94
3.92
4.9
5.88
6.86
30.38
-33.32
31.36
32.34
-34.3
33.32
-35.28
34.3
-36.26
35.28
36.26
-37.24
37.24
38.22
-38.22
39.2
-39.2
40.18
41.16
-40.18
42.14
-41.16
43.12
-42.14
44.1
-43.12
45.08
-44.1
45.08
-45.08
46.06
-46.06
46.06
-47.04
47.04
-47.04
47.04
-48.02
48.02
-48.02
48.02
-49
49
-49
49.98
-49.98
50.96
-50.96
50.96
-50.96
51.94
-51.94
52.92
-52.92
53.9
-53.9
54.88
-53.9
54.88
-54.88
55.86
-55.86
56.84
-55.86
56.84
-56.84
57.82
-57.82
57.82
-58.8
57.82
-58.8
58.8
-59.78
58.8
-60.76
59.78
-61.74
59.78
-61.74
60.76
-62.72
60.76
-62.72
61.74
-63.7
62.72
-63.7
62.72
-64.68
63.7
-64.68
64.68
-64.68
65.66
-65.66
65.66
-65.66
66.64
-65.66
66.64
-66.64
67.62
-66.64
67.62
-67.62
67.62
-67.62
68.6
-67.62
0.98
1.96
2.94
68.6
-68.6
-1.96
-0.98
0
0.98
3.92
4.9
5.88
68.6
-68.6
-4.9
-3.92
-2.94
6.86
69.58
-68.6
-6.86
-5.88
7.84
69.58
-69.58
-7.84
8.82
69.58
-69.58
-8.82
8.82
70.56
-69.58
-9.8
9.8
70.56
-69.58
-9.8
9.8
70.56
-69.58
-9.8
9.8
70.56
-69.58
-9.8
9.8
71.54
-69.58
-9.8
10.78
71.54
-69.58
-9.8
9.8
71.54
-69.58
-8.82
8.82
71.54
-69.58
-7.84
-6.86
-5.88
-4.9
-3.92
-2.94
-1.96
-0.98
0
0.98
1.96
2.94
3.92
4.9
5.88
6.86
7.84
71.54
-69.58
70.56
-69.58
70.56
-69.58
70.56
-69.58
70.56
-70.56
70.56
-70.56
70.56
-70.56
70.56
-70.56
70.56
-69.58
70.56
-69.58
70.56
-69.58
70.56
-69.58
70.56
-69.58
70.56
-69.58
70.56
-69.58
70.56
-69.58
70.56
-69.58
69.58
-69.58
69.58
-68.6
69.58
-68.6
69.58
-68.6
69.58
-67.62
69.58
-67.62
69.58
-66.64
69.58
-66.64
68.6
-65.66
68.6
-64.68
68.6
-64.68
68.6
-64.68
68.6
-63.7
67.62
-63.7
67.62
-63.7
67.62
-63.7
66.64
-63.7
66.64
-63.7
65.66
-63.7
65.66
-63.7
64.68
-62.72
64.68
-62.72
63.7
-62.72
63.7
-61.74
63.7
-60.76
62.72
-60.76
62.72
-59.78
62.72
-58.8
61.74
-58.8
60.76
-57.82
60.76
-56.84
58.8
59.78
-55.86
-54.88
57.82
-53.9
54.88
55.86
56.84
-52.92
-51.94
-46.06
47.04
48.02
49
49.98
50.96
51.94
52.92
53.9
-50.96
-49.98
-49
-48.02
-47.04
-46.06
-45.08
46.06
47.04
-49.98
-49
-48.02
-47.04
-46.06
-45.08
46.06
47.04
-49.98
-49
-48.02
-47.04
-46.06
-45.08
47.04
48.02
-49.98
-49
-48.02
-47.04
-46.06
49
-49.98
-49
-48.02
-47.04
49.98
-50.96
-49.98
-49
-48.02
50.96
-50.96
-49.98
-49
51.94
-50.96
-49.98
52.92
-51.94
-50.96
52.92
-51.94
53.9
-51.94
53.9
-52.92
54.88
-52.92
54.88
-52.92
54.88
-53.9
54.88
-53.9
55.86
-53.9
55.86
-53.9
55.86
-54.88
55.86
-54.88
55.86
-54.88
55.86
-54.88
55.86
-54.88
54.88
-53.9
54.88
-53.9
54.88
-53.9
54.88
-52.92
53.9
-52.92
53.9
-51.94
53.9
-50.96
52.92
-50.96
52.92
-49.98
51.94
-49.98
51.94
-49
50.96
-48.02
50.96
-48.02
49.98
-47.04
49.98
-47.04
49
-46.06
49
-45.08
48.02
-45.08
46.06
47.04
-44.1
45.08
-43.12
44.1
-42.14
43.12
-41.16
42.14
-40.18
41.16
-39.2
40.18
-38.22
39.2
-37.24
38.22
-36.26
-35.28
37.24
-34.3
-33.32
-32.34
36.26
-31.36
-30.38
-29.4
-28.42
0
0.98
1.96
34.3
35.28
-27.44
-26.46
-25.48
-1.96
-0.98
2.94
33.32
-24.5
-23.52
-2.94
3.92
31.36
32.34
-22.54
-21.56
-3.92
4.9
26.46
27.44
28.42
29.4
30.38
-20.58
-19.6
-9.8
-8.82
-7.84
-6.86
-5.88
-4.9
5.88
6.86
22.54
23.52
24.5
25.48
-18.62
-17.64
-16.66
-15.68
-14.7
-13.72
-12.74
-11.76
-10.78
7.84
8.82
9.8
10.78
11.76
12.74
13.72
14.7
15.68
16.66
17.64
18.62
19.6
20.58
21.56
-21.56
-20.58
-19.6
-18.62
-17.64
-16.66
-15.68
-14.7
-13.72
-12.74
-11.76
-10.78
-9.8
-8.82
-7.84
-23.52
-22.54
-6.86
-5.88
-4.9
15.68
16.66
17.64
18.62
19.6
20.58
21.56
-25.48
-24.5
-3.92
-2.94
12.74
13.72
14.7
22.54
23.52
24.5
-27.44
-26.46
-1.96
11.76
25.48
26.46
-29.4
-28.42
-0.98
0
9.8
10.78
27.44
28.42
-31.36
-30.38
0.98
6.86
7.84
8.82
29.4
-32.34
1.96
2.94
3.92
4.9
5.88
30.38
31.36
-33.32
32.34
-34.3
33.32
-35.28
34.3
35.28
-36.26
36.26
-37.24
37.24
38.22
-38.22
39.2
-39.2
40.18
-40.18
41.16
42.14
-41.16
43.12
-43.12
-42.14
44.1
-44.1
44.1
-45.08
45.08
-45.08
46.06
-46.06
46.06
-47.04
47.04
-48.02
47.04
-48.02
48.02
-49
49
-49
49
-49.98
49.98
-49.98
50.96
-50.96
50.96
-51.94
51.94
-51.94
52.92
-52.92
53.9
-53.9
54.88
-53.9
55.86
-54.88
55.86
-55.86
56.84
-56.84
56.84
-56.84
57.82
-57.82
57.82
-58.8
58.8
-59.78
58.8
-59.78
59.78
-60.76
59.78
-61.74
59.78
-62.72
60.76
-62.72
60.76
-63.7
61.74
-63.7
62.72
-64.68
62.72
-64.68
63.7
-64.68
64.68
-65.66
64.68
-65.66
65.66
-65.66
66.64
-66.64
66.64
-66.64
67.62
-66.64
67.62
-67.62
67.62
-67.62
-0.98
0
0.98
1.96
2.94
3.92
68.6
-67.62
-2.94
-1.96
-0.98
0
3.92
4.9
5.88
68.6
-68.6
-4.9
-3.92
-2.94
6.86
68.6
-68.6
-6.86
-5.88
7.84
69.58
-68.6
-7.84
8.82
69.58
-69.58
-8.82
8.82
69.58
-69.58
-9.8
8.82
70.56
-69.58
-9.8
9.8
70.56
-69.58
-9.8
9.8
70.56
-69.58
-9.8
9.8
71.54
-69.58
-9.8
9.8
71.54
-69.58
-9.8
9.8
71.54
-69.58
-9.8
9.8
71.54
-69.58
-8.82
9.8
71.54
-69.58
-7.84
5.88
6.86
7.84
8.82
71.54
-69.58
-6.86
-5.88
-4.9
-3.92
-2.94
-1.96
-0.98
0
0.98
1.96
2.94
3.92
4.9
71.54
-69.58
71.54
-69.58
70.56
-69.58
70.56
-69.58
70.56
-69.58
70.56
-69.58
70.56
-69.58
70.56
-69.58
70.56
-69.58
70.56
-69.58
70.56
-69.58
70.56
-69.58
70.56
-69.58
69.58
-69.58
69.58
-69.58
69.58
-69.58
69.58
-69.58
69.58
-68.6
69.58
-68.6
69.58
-68.6
69.58
-67.62
69.58
-67.62
69.58
-66.64
69.58
-66.64
69.58
-65.66
68.6
-64.68
68.6
-64.68
68.6
-63.7
68.6
-63.7
68.6
-63.7
67.62
-63.7
67.62
-63.7
67.62
-63.7
66.64
-63.7
66.64
-63.7
65.66
-63.7
65.66
-62.72
64.68
-62.72
64.68
-61.74
63.7
-61.74
63.7
-60.76
63.7
-60.76
62.72
-59.78
62.72
-58.8
61.74
-57.82
60.76
-56.84
59.78
-55.86
58.8
-54.88
57.82
-53.9
56.84
-52.92
54.88
55.86
-51.94
48.02
49
49.98
50.96
51.94
52.92
53.9
-51.94
-50.96
48.02
49
49.98
50.96
51.94
-50.96
49
49.98
50.96
51.94
-51.94
-50.96
49.98
50.96
51.94
-51.94
-50.96
50.96
51.94
-51.94
51.94
52.92
-51.94
52.92
-52.92
-51.94
53.9
-52.92
53.9
-52.92
53.9
-53.9
-52.92
54.88
-53.9
54.88
-53.9
54.88
-53.9
55.86
-53.9
55.86
-54.88
55.86
-54.88
55.86
-54.88
55.86
-54.88
55.86
-54.88
55.86
-54.88
55.86
-54.88
55.86
-54.88
55.86
-54.88
54.88
-53.9
54.88
-53.9
54.88
-53.9
54.88
-52.92
53.9
-51.94
53.9
-50.96
52.92
-50.96
52.92
-49.98
51.94
-49
51.94
-49
50.96
-48.02
50.96
-48.02
49.98
-47.04
49.98
-47.04
49
-46.06
49
-45.08
48.02
-45.08
47.04
-44.1
45.08
46.06
-43.12
44.1
-42.14
43.12
-41.16
42.14
-40.18
41.16
-39.2
40.18
-38.22
39.2
-37.24
38.22
-36.26
-35.28
37.24
-34.3
-33.32
-32.34
36.26
-31.36
-30.38
-29.4
-28.42
0
0.98
1.96
34.3
35.28
-27.44
-26.46
-25.48
-0.98
2.94
33.32
-24.5
-23.52
-2.94
-1.96
3.92
31.36
32.34
-22.54
-21.56
-3.92
4.9
5.88
27.44
28.42
29.4
30.38
-20.58
-19.6
-6.86
-5.88
-4.9
6.86
7.84
23.52
24.5
25.48
26.46
-18.62
-17.64
-16.66
-15.68
-14.7
-13.72
-12.74
-11.76
-10.78
-9.8
-8.82
-7.84
8.82
9.8
10.78
11.76
12.74
13.72
14.7
15.68
16.66
17.64
18.62
19.6
20.58
21.56
22.54
-17.64
-16.66
-15.68
-14.7
-13.72
-12.74
-11.76
-21.56
-20.58
-19.6
-18.62
-10.78
-9.8
-8.82
-7.84
-24.5
-23.52
-22.54
-6.86
-5.88
-4.9
14.7
15.68
16.66
17.64
18.62
19.6
20.58
21.56
-26.46
-25.48
-3.92
-2.94
12.74
13.72
22.54
23.52
24.5
-28.42
-27.44
-1.96
10.78
11.76
25.48
26.46
-29.4
-0.98
0
8.82
9.8
27.44
28.42
-31.36
-30.38
0.98
6.86
7.84
29.4
30.38
-32.34
1.96
2.94
3.92
4.9
5.88
31.36
-34.3
-33.32
32.34
33.32
-35.28
34.3
-35.28
35.28
-36.26
36.26
37.24
-37.24
38.22
-38.22
39.2
-39.2
40.18
-40.18
41.16
-41.16
42.14
43.12
-43.12
-42.14
44.1
-44.1
44.1
-45.08
45.08
-46.06
46.06
-47.04
46.06
-47.04
47.04
-48.02
48.02
-48.02
48.02
-49
49
-49.98
49
-49.98
49.98
-50.96
50.96
-50.96
51.94
-51.94
52.92
-52.92
52.92
-52.92
53.9
-53.9
54.88
-54.88
55.86
-54.88
56.84
-55.86
56.84
-56.84
57.82
-56.84
57.82
-57.82
58.8
-58.8
58.8
-59.78
58.8
-60.76
59.78
-60.76
59.78
-61.74
59.78
-62.72
60.76
-62.72
60.76
-63.7
61.74
-63.7
62.72
-64.68
62.72
-64.68
63.7
-65.66
64.68
-65.66
64.68
-65.66
65.66
-65.66
66.64
-66.64
0
0.98
1.96
66.64
-66.64
-0.98
0
0.98
1.96
2.94
67.62
-66.64
-1.96
-0.98
0
0.98
1.96
2.94
3.92
67.62
-67.62
-2.94
-1.96
-0.98
0
0.98
1.96
2.94
3.92
4.9
67.62
-67.62
-3.92
-2.94
-1.96
4.9
5.88
68.6
-68.6
-5.88
-4.9
-3.92
6.86
68.6
-68.6
-6.86
-5.88
7.84
69.58
-68.6
-7.84
7.84
69.58
-68.6
-7.84
8.82
69.58
-68.6
-8.82
8.82
70.56
-69.58
-8.82
8.82
70.56
-69.58
-9.8
8.82
70.56
-69.58
-9.8
9.8
71.54
-69.58
-9.8
9.8
71.54
-69.58
-9.8
9.8
71.54
-69.58
-8.82
9.8
71.54
-69.58
-8.82
9.8
71.54
-69.58
-8.82
9.8
71.54
-69.58
-7.84
8.82
71.54
-69.58
-6.86
-5.88
-4.9
-3.92
-2.94
-1.96
-0.98
0
2.94
3.92
4.9
5.88
6.86
7.84
71.54
-69.58
0.98
1.96
71.54
-69.58
71.54
-69.58
70.56
-69.58
70.56
-69.58
70.56
-69.58
70.56
-69.58
70.56
-69.58
70.56
-69.58
70.56
-69.58
69.58
-69.58
69.58
-69.58
69.58
-69.58
69.58
-69.58
69.58
-69.58
69.58
-69.58
69.58
-69.58
69.58
-68.6
69.58
-68.6
69.58
-68.6
69.58
-67.62
69.58
-67.62
69.58
-66.64
69.58
-66.64
69.58
-65.66
68.6
-64.68
68.6
-64.68
68.6
-63.7
68.6
-63.7
68.6
-63.7
67.62
-63.7
67.62
-63.7
67.62
-63.7
66.64
-63.7
66.64
-63.7
66.64
-63.7
65.66
-62.72
65.66
-62.72
64.68
-61.74
64.68
-61.74
63.7
-60.76
63.7
-59.78
62.72
-58.8
61.74
-58.8
61.74
-57.82
60.76
-56.84
59.78
-55.86
58.8
-54.88
57.82
-53.9
56.84
-52.92
55.86
-52.92
54.88
-52.92
52.92
53.9
-51.94
52.92
53.9
-52.92
52.92
-52.92
52.92
53.9
-52.92
53.9
-52.92
53.9
-53.9
53.9
-53.9
54.88
-53.9
54.88
-53.9
54.88
-53.9
55.86
-54.88
55.86
-54.88
55.86
-54.88
55.86
-54.88
55.86
-54.88
55.86
-54.88
55.86
-54.88
55.86
-54.88
55.86
-54.88
55.86
-54.88
55.86
-54.88
55.86
-54.88
55.86
-54.88
54.88
-53.9
54.88
-53.9
54.88
-52.92
54.88
-51.94
53.9
-51.94
53.9
-50.96
52.92
-49.98
52.92
-49
51.94
-49
50.96
-48.02
50.96
-48.02
49.98
-47.04
49.98
-47.04
49
-46.06
49
-45.08
48.02
-45.08
47.04
-44.1
45.08
46.06
-43.12
44.1
-42.14
43.12
-42.14
42.14
-41.16
41.16
-40.18
40.18
-39.2
39.2
-38.22
-37.24
38.22
-36.26
-35.28
37.24
-34.3
-33.32
-32.34
-31.36
36.26
-30.38
-29.4
-28.42
0
0.98
34.3
35.28
-27.44
-26.46
-0.98
1.96
2.94
32.34
33.32
-25.48
-24.5
-1.96
3.92
30.38
31.36
-23.52
-22.54
-3.92
-2.94
4.9
5.88
27.44
28.42
29.4
-21.56
-20.58
-6.86
-5.88
-4.9
6.86
7.84
23.52
24.5
25.48
26.46
-19.6
-18.62
-17.64
-16.66
-15.68
-14.7
-13.72
-12.74
-11.76
-10.78
-9.8
-8.82
-7.84
8.82
9.8
10.78
11.76
12.74
13.72
14.7
15.68
16.66
17.64
18.62
19.6
20.58
21.56
22.54
-18.62
-17.64
-16.66
-15.68
-14.7
-13.72
-12.74
-11.76
-10.78
-22.54
-21.56
-20.58
-19.6
-9.8
-8.82
-7.84
-6.86
-24.5
-23.52
-5.88
-4.9
13.72
14.7
15.68
16.66
17.64
18.62
19.6
20.58
21.56
-26.46
-25.48
-3.92
-2.94
11.76
12.74
22.54
23.52
24.5
-28.42
-27.44
-1.96
9.8
10.78
25.48
26.46
-30.38
-29.4
-0.98
0
8.82
27.44
28.42
-31.36
0.98
6.86
7.84
29.4
30.38
-33.32
-32.34
1.96
2.94
3.92
4.9
5.88
31.36
32.34
-34.3
33.32
-35.28
34.3
-36.26
35.28
36.26
-36.26
37.24
-37.24
38.22
-38.22
39.2
-39.2
40.18
-40.18
41.16
-42.14
-41.16
42.14
-43.12
43.12
-44.1
44.1
-45.08
45.08
-46.06
46.06
-47.04
47.04
-48.02
47.04
-48.02
48.02
-49
48.02
-49
49
-49.98
49.98
-49.98
49.98
-50.96
50.96
-51.94
51.94
-51.94
52.92
-52.92
53.9
-52.92
53.9
-53.9
54.88
-54.88
55.86
-55.86
56.84
-55.86
56.84
-56.84
57.82
-57.82
57.82
-57.82
58.8
-58.8
58.8
-59.78
59.78
-60.76
59.78
-60.76
59.78
-61.74
60.76
-62.72
60.76
-63.7
60.76
-63.7
61.74
-64.68
62.72
-64.68
62.72
-64.68
63.7
-65.66
0.98
1.96
64.68
-65.66
0
0.98
1.96
2.94
64.68
-65.66
-0.98
0
0.98
1.96
2.94
3.92
65.66
-66.64
-1.96
-0.98
0
0.98
1.96
2.94
3.92
66.64
-66.64
-2.94
-1.96
-0.98
2.94
3.92
4.9
66.64
-66.64
-3.92
-2.94
-1.96
3.92
4.9
67.62
-66.64
-4.9
-3.92
-2.94
4.9
5.88
67.62
-67.62
-4.9
-3.92
5.88
67.62
-67.62
-5.88
-4.9
6.86
68.6
-68.6
-6.86
6.86
68.6
-68.6
-7.84
7.84
69.58
-68.6
-7.84
7.84
69.58
-68.6
-8.82
7.84
69.58
-68.6
-8.82
8.82
70.56
-68.6
-8.82
8.82
70.56
-68.6
-8.82
8.82
70.56
-68.6
-8.82
8.82
71.54
-68.6
-8.82
8.82
71.54
-68.6
-8.82
9.8
71.54
-68.6
-8.82
9.8
71.54
-68.6
-8.82
9.8
71.54
-69.58
-8.82
9.8
71.54
-69.58
-7.84
9.8
71.54
-69.58
-6.86
8.82
71.54
-69.58
-5.88
-4.9
-3.92
-2.94
-1.96
-0.98
0
2.94
3.92
4.9
5.88
6.86
7.84
71.54
-69.58
0
0.98
1.96
2.94
71.54
-69.58
70.56
-69.58
70.56
-69.58
70.56
-69.58
70.56
-69.58
70.56
-69.58
69.58
-69.58
69.58
-69.58
69.58
-69.58
69.58
-69.58
68.6
-69.58
68.6
-69.58
68.6
-69.58
68.6
-69.58
68.6
-69.58
68.6
-68.6
69.58
-68.6
69.58
-68.6
69.58
-68.6
69.58
-67.62
69.58
-66.64
69.58
-66.64
69.58
-65.66
68.6
-64.68
68.6
-64.68
68.6
-64.68
68.6
-63.7
68.6
-63.7
67.62
-63.7
67.62
-63.7
67.62
-63.7
66.64
-63.7
66.64
-63.7
66.64
-62.72
65.66
-62.72
65.66
-61.74
64.68
-61.74
64.68
-60.76
63.7
-59.78
63.7
-59.78
62.72
-58.8
61.74
-57.82
60.76
-57.82
60.76
-56.84
59.78
-55.86
58.8
-54.88
58.8
-54.88
57.82
-53.9
56.84
-52.92
55.86
-52.92
54.88
55.86
-52.92
54.88
-52.92
53.9
54.88
-53.9
54.88
-53.9
54.88
-53.9
54.88
-53.9
54.88
-54.88
54.88
-54.88
55.86
-54.88
55.86
-54.88
55.86
-54.88
55.86
-54.88
55.86
-54.88
55.86
-54.88
56.84
-54.88
56.84
-54.88
56.84
-54.88
56.84
-54.88
55.86
-54.88
55.86
-54.88
55.86
-54.88
55.86
-54.88
55.86
-54.88
55.86
-53.9
54.88
-53.9
54.88
-52.92
54.88
-51.94
53.9
-51.94
53.9
-50.96
52.92
-49.98
52.92
-49
51.94
-49
51.94
-48.02
50.96
-48.02
50.96
-47.04
49.98
-47.04
49
-46.06
49
-45.08
48.02
-45.08
47.04
-44.1
46.06
-43.12
44.1
45.08
-43.12
43.12
-42.14
42.14
-41.16
41.16
-40.18
40.18
-39.2
39.2
-38.22
-37.24
38.22
-36.26
-35.28
37.24
-34.3
-33.32
-32.34
-31.36
36.26
-30.38
-29.4
-28.42
0
0.98
34.3
35.28
-27.44
-26.46
-0.98
1.96
2.94
32.34
33.32
-25.48
-24.5
-1.96
3.92
29.4
30.38
31.36
-23.52
-22.54
-3.92
-2.94
4.9
5.88
26.46
27.44
28.42
-21.56
-20.58
-5.88
-4.9
6.86
7.84
8.82
23.52
24.5
25.48
-19.6
-18.62
-17.64
-16.66
-12.74
-11.76
-10.78
-9.8
-8.82
-7.84
-6.86
9.8
10.78
11.76
12.74
13.72
14.7
20.58
21.56
22.54
-15.68
-14.7
-13.72
15.68
16.66
17.64
18.62
19.6
-19.6
-18.62
-17.64
-16.66
-15.68
-14.7
-13.72
-12.74
-11.76
-10.78
-9.8
-22.54
-21.56
-20.58
-8.82
-7.84
-6.86
-24.5
-23.52
-5.88
-4.9
12.74
13.72
14.7
15.68
16.66
17.64
18.62
19.6
20.58
21.56
-26.46
-25.48
-3.92
-2.94
10.78
11.76
22.54
23.52
24.5
-27.44
-1.96
9.8
25.48
26.46
27.44
-29.4
-28.42
-0.98
7.84
8.82
28.42
-31.36
-30.38
0
0.98
6.86
29.4
30.38
-33.32
-32.34
1.96
2.94
3.92
4.9
5.88
31.36
32.34
-34.3
33.32
-35.28
34.3
35.28
-36.26
36.26
-36.26
37.24
-37.24
38.22
-38.22
39.2
-39.2
40.18
-41.16
-40.18
41.16
-42.14
42.14
-43.12
43.12
-45.08
-44.1
44.1
-46.06
45.08
-46.06
46.06
-47.04
47.04
-48.02
47.04
-48.02
48.02
-49
49
-49.98
49
-49.98
49.98
-50.96
49.98
-50.96
50.96
-51.94
51.94
-51.94
52.92
-52.92
53.9
-53.9
54.88
-53.9
54.88
-54.88
55.86
-55.86
56.84
-55.86
56.84
-56.84
57.82
-57.82
57.82
-57.82
58.8
-58.8
58.8
-59.78
59.78
-60.76
1.96
59.78
-60.76
1.96
2.94
59.78
-61.74
1.96
2.94
60.76
-62.72
1.96
2.94
60.76
-63.7
0.98
1.96
2.94
61.74
-63.7
0.98
1.96
2.94
61.74
-64.68
0
0.98
1.96
2.94
3.92
62.72
-64.68
0
0.98
1.96
2.94
3.92
62.72
-65.66
-0.98
0
0.98
1.96
2.94
3.92
63.7
-65.66
-1.96
-0.98
0
2.94
3.92
4.9
64.68
-65.66
-1.96
-0.98
3.92
4.9
64.68
-65.66
-2.94
-1.96
4.9
65.66
-66.64
-3.92
-2.94
4.9
5.88
66.64
-66.64
-3.92
5.88
66.64
-66.64
-4.9
5.88
67.62
-67.62
-5.88
6.86
67.62
-67.62
-5.88
6.86
67.62
-67.62
-6.86
6.86
68.6
-68.6
-7.84
7.84
68.6
-68.6
-7.84
7.84
69.58
-68.6
-7.84
7.84
69.58
-68.6
-8.82
7.84
69.58
-68.6
-8.82
7.84
70.56
-68.6
-8.82
7.84
70.56
-68.6
-8.82
7.84
70.56
-68.6
-8.82
7.84
71.54
-68.6
-8.82
8.82
71.54
-68.6
-8.82
8.82
71.54
-68.6
-8.82
8.82
71.54
-68.6
-8.82
9.8
71.54
-68.6
-8.82
9.8
71.54
-69.58
-7.84
9.8
71.54
-69.58
-7.84
8.82
71.54
-69.58
-6.86
-5.88
7.84
71.54
-69.58
-4.9
-3.92
-2.94
-1.96
-0.98
3.92
4.9
5.88
6.86
71.54
-69.58
-0.98
0
0.98
1.96
2.94
3.92
71.54
-69.58
70.56
-69.58
70.56
-69.58
70.56
-69.58
69.58
-69.58
69.58
-69.58
69.58
-69.58
68.6
-69.58
68.6
-69.58
68.6
-69.58
68.6
-69.58
68.6
-69.58
68.6
-69.58
68.6
-69.58
68.6
-68.6
68.6
-68.6
69.58
-68.6
69.58
-68.6
69.58
-67.62
69.58
-67.62
69.58
-66.64
68.6
-65.66
68.6
-65.66
68.6
-64.68
68.6
-64.68
68.6
-63.7
67.62
-63.7
67.62
-63.7
67.62
-63.7
67.62
-63.7
66.64
-63.7
66.64
-62.72
66.64
-62.72
65.66
-61.74
65.66
-61.74
64.68
-60.76
64.68
-59.78
63.7
-59.78
62.72
-58.8
62.72
-58.8
61.74
-57.82
60.76
-56.84
59.78
-56.84
59.78
-55.86
58.8
-55.86
58.8
-54.88
57.82
-53.9
57.82
-53.9
56.84
-53.9
56.84
-53.9
55.86
-53.9
55.86
-53.9
55.86
-54.88
55.86
-54.88
55.86
-54.88
55.86
-54.88
55.86
-54.88
55.86
-54.88
55.86
-54.88
55.86
-55.86
56.84
-55.86
56.84
-55.86
56.84
-55.86
56.84
-55.86
56.84
-55.86
56.84
-55.86
56.84
-55.86
56.84
-55.86
55.86
-54.88
55.86
-54.88
55.86
-54.88
55.86
-54.88
55.86
-53.9
55.86
-53.9
54.88
-52.92
54.88
-52.92
54.88
-51.94
53.9
-50.96
53.9
-49.98
52.92
-49
52.92
-49
51.94
-48.02
50.96
-48.02
50.96
-47.04
49.98
-46.06
49
-46.06
48.02
-45.08
48.02
-45.08
47.04
-44.1
46.06
-43.12
44.1
45.08
-43.12
43.12
-42.14
42.14
-41.16
41.16
-40.18
40.18
-39.2
39.2
-38.22
-37.24
38.22
-36.26
-35.28
-34.3
37.24
-33.32
-32.34
-31.36
-30.38
35.28
36.26
-29.4
-28.42
33.32
34.3
-27.44
-26.46
-0.98
0
0.98
1.96
31.36
32.34
-25.48
-24.5
-1.96
2.94
3.92
28.42
29.4
30.38
-23.52
-22.54
-2.94
4.9
5.88
25.48
26.46
27.44
-21.56
-20.58
-4.9
-3.92
6.86
7.84
23.52
24.5
-19.6
-18.62
-17.64
-16.66
-10.78
-9.8
-8.82
-7.84
-6.86
-5.88
8.82
9.8
10.78
11.76
12.74
13.72
14.7
20.58
21.56
22.54
-15.68
-14.7
-13.72
-12.74
-11.76
15.68
16.66
17.64
18.62
19.6
-19.6
-18.62
-17.64
-16.66
-15.68
-14.7
-13.72
-12.74
-11.76
-10.78
-9.8
-22.54
-21.56
-20.58
-8.82
-7.84
-6.86
14.7
15.68
16.66
17.64
-24.5
-23.52
-5.88
-4.9
11.76
12.74
13.72
18.62
19.6
20.58
21.56
-25.48
-3.92
-2.94
10.78
22.54
23.52
24.5
-27.44
-26.46
-1.96
8.82
9.8
25.48
26.46
27.44
-29.4
-28.42
-0.98
7.84
28.42
29.4
-31.36
-30.38
0
0.98
6.86
30.38
-33.32
-32.34
1.96
2.94
3.92
4.9
5.88
31.36
32.34
-34.3
33.32
34.3
-35.28
35.28
-36.26
36.26
-37.24
37.24
-37.24
38.22
-39.2
-38.22
39.2
-40.18
40.18
-41.16
41.16
-42.14
42.14
-44.1
-43.12
43.12
-45.08
44.1
-46.06
45.08
-47.04
46.06
-47.04
47.04
-48.02
48.02
-49
48.02
-49
49
-49.98
49
-49.98
49.98
-50.96
50.96
-50.96
50.96
-51.94
51.94
-52.92
52.92
-52.92
53.9
-53.9
54.88
-54.88
54.88
-54.88
55.86
-55.86
56.84
-55.86
56.84
-56.84
57.82
-57.82
57.82
-57.82
58.8
-58.8
58.8
-59.78
1.96
59.78
-59.78
0.98
2.94
59.78
-60.76
0.98
3.92
59.78
-61.74
0
0.98
3.92
60.76
-62.72
0
0.98
3.92
60.76
-63.7
0
3.92
61.74
-63.7
-0.98
0
3.92
61.74
-64.68
-0.98
4.9
62.72
-64.68
-1.96
-0.98
4.9
62.72
-65.66
-1.96
4.9
63.7
-65.66
-2.94
5.88
64.68
-65.66
-2.94
5.88
64.68
-66.64
-3.92
5.88
65.66
-66.64
-4.9
6.86
66.64
-66.64
-4.9
6.86
66.64
-66.64
-5.88
6.86
67.62
-67.62
-6.86
6.86
67.62
-67.62
-6.86
6.86
67.62
-67.62
-7.84
6.86
68.6
-68.6
-7.84
6.86
68.6
-68.6
-7.84
6.86
69.58
-68.6
-7.84
6.86
69.58
-68.6
-7.84
6.86
69.58
-68.6
-7.84
6.86
70.56
-68.6
-7.84
6.86
70.56
-68.6
-7.84
7.84
70.56
-68.6
-7.84
7.84
71.54
-68.6
-7.84
7.84
71.54
-68.6
-7.84
7.84
71.54
-68.6
-7.84
8.82
71.54
-68.6
-7.84
8.82
71.54
-69.58
-7.84
9.8
71.54
-69.58
-7.84
9.8
71.54
-69.58
-7.84
9.8
71.54
-69.58
-6.86
8.82
71.54
-69.58
-5.88
-4.9
6.86
7.84
71.54
-69.58
-3.92
-2.94
-1.96
4.9
5.88
71.54
-69.58
-1.96
-0.98
0
0.98
1.96
2.94
3.92
70.56
-69.58
0
0.98
1.96
70.56
-69.58
70.56
-69.58
69.58
-69.58
69.58
-69.58
68.6
-69.58
68.6
-69.58
68.6
-69.58
67.62
-69.58
67.62
-69.58
67.62
-69.58
68.6
-69.58
68.6
-69.58
68.6
-69.58
68.6
-68.6
68.6
-68.6
69.58
-68.6
69.58
-67.62
69.58
-67.62
68.6
-66.64
68.6
-65.66
68.6
-65.66
68.6
-64.68
68.6
-64.68
67.62
-64.68
67.62
-63.7
67.62
-63.7
67.62
-63.7
67.62
-63.7
66.64
-63.7
66.64
-62.72
66.64
-62.72
65.66
-61.74
65.66
-60.76
64.68
-60.76
64.68
-59.78
63.7
-58.8
62.72
-58.8
61.74
-57.82
61.74
-57.82
60.76
-56.84
59.78
-56.84
59.78
-55.86
58.8
-55.86
58.8
-54.88
58.8
-54.88
57.82
-54.88
57.82
-53.9
56.84
-53.9
56.84
-54.88
56.84
-54.88
55.86
-54.88
55.86
-54.88
55.86
-54.88
55.86
-55.86
55.86
-55.86
56.84
-55.86
56.84
-55.86
56.84
-55.86
56.84
-55.86
56.84
-55.86
56.84
-55.86
56.84
-55.86
56.84
-55.86
56.84
-55.86
56.84
-55.86
56.84
-55.86
56.84
-55.86
55.86
-54.88
55.86
-54.88
55.86
-54.88
55.86
-54.88
55.86
-53.9
54.88
-52.92
54.88
-52.92
54.88
-51.94
53.9
-50.96
53.9
-49.98
52.92
-49
52.92
-49
51.94
-48.02
50.96
-48.02
50.96
-47.04
49.98
-46.06
49
-46.06
48.02
-45.08
48.02
-44.1
47.04
-44.1
46.06
-43.12
44.1
45.08
-42.14
43.12
-42.14
42.14
-41.16
41.16
-40.18
40.18
-39.2
39.2
-38.22
-37.24
38.22
-36.26
-35.28
-34.3
37.24
-33.32
-32.34
-31.36
-30.38
35.28
36.26
-29.4
-28.42
32.34
33.32
34.3
-27.44
-26.46
-0.98
0
0.98
1.96
30.38
31.36
-25.48
-24.5
-1.96
2.94
3.92
27.44
28.42
29.4
-23.52
-22.54
-2.94
4.9
25.48
26.46
-21.56
-20.58
-4.9
-3.92
5.88
6.86
7.84
23.52
24.5
-19.6
-18.62
-17.64
-16.66
-8.82
-7.84
-6.86
-5.88
8.82
9.8
10.78
11.76
12.74
13.72
20.58
21.56
22.54
-15.68
-14.7
-13.72
-12.74
-11.76
-10.78
-9.8
14.7
15.68
16.66
17.64
18.62
19.6
-19.6
-18.62
-17.64
-16.66
-15.68
-14.7
-13.72
-12.74
-11.76
-10.78
-9.8
-22.54
-21.56
-20.58
-8.82
-7.84
-6.86
13.72
14.7
15.68
16.66
17.64
18.62
-23.52
-5.88
-4.9
11.76
12.74
19.6
20.58
21.56
-25.48
-24.5
-3.92
-2.94
9.8
10.78
22.54
23.52
24.5
-27.44
-26.46
-1.96
8.82
25.48
26.46
-29.4
-28.42
-0.98
7.84
27.44
28.42
29.4
-31.36
-30.38
0
0.98
6.86
30.38
-32.34
1.96
2.94
4.9
5.88
31.36
32.34
-34.3
-33.32
3.92
33.32
34.3
-35.28
35.28
-36.26
36.26
-37.24
37.24
-38.22
38.22
-39.2
39.2
-40.18
40.18
-42.14
-41.16
41.16
-43.12
42.14
-44.1
43.12
-45.08
44.1
-46.06
45.08
46.06
-47.04
46.06
-48.02
47.04
-48.02
48.02
-49
48.02
-49.98
49
-49.98
49.98
-50.96
49.98
-50.96
50.96
-51.94
51.94
-51.94
51.94
-52.92
52.92
-52.92
53.9
-53.9
54.88
-54.88
54.88
-54.88
55.86
-55.86
56.84
-56.84
56.84
-56.84
57.82
-57.82
57.82
-57.82
58.8
-58.8
58.8
-59.78
0.98
1.96
2.94
59.78
-59.78
0
3.92
59.78
-60.76
0
3.92
60.76
-61.74
-0.98
4.9
60.76
-62.72
-0.98
4.9
60.76
-63.7
-0.98
4.9
61.74
-63.7
-1.96
4.9
61.74
-64.68
-1.96
5.88
62.72
-64.68
-2.94
5.88
63.7
-65.66
-2.94
5.88
63.7
-65.66
-3.92
6.86
64.68
-65.66
-3.92
6.86
64.68
-66.64
-4.9
6.86
65.66
-66.64
-4.9
6.86
66.64
-66.64
-5.88
7.84
66.64
-67.62
-6.86
7.84
67.62
-67.62
-6.86
7.84
67.62
-67.62
-6.86
6.86
67.62
-67.62
-7.84
6.86
68.6
-68.6
-7.84
6.86
68.6
-68.6
-7.84
6.86
69.58
-68.6
-7.84
6.86
69.58
-68.6
-7.84
6.86
69.58
-68.6
-7.84
6.86
70.56
-68.6
-7.84
6.86
70.56
-68.6
-7.84
6.86
70.56
-68.6
-7.84
6.86
71.54
-68.6
-7.84
7.84
71.54
-68.6
-7.84
7.84
71.54
-68.6
-7.84
7.84
71.54
-68.6
-7.84
8.82
71.54
-69.58
-7.84
8.82
71.54
-69.58
-7.84
9.8
71.54
-69.58
-7.84
9.8
71.54
-69.58
-6.86
8.82
71.54
-69.58
-5.88
8.82
71.54
-69.58
-4.9
-3.92
6.86
7.84
71.54
-69.58
-2.94
4.9
5.88
70.56
-69.58
-1.96
-0.98
2.94
3.92
4.9
70.56
-69.58
-0.98
0
0.98
1.96
2.94
3.92
70.56
-69.58
0.98
1.96
69.58
-69.58
69.58
-69.58
68.6
-69.58
68.6
-69.58
67.62
-69.58
67.62
-69.58
67.62
-69.58
67.62
-69.58
67.62
-69.58
68.6
-69.58
68.6
-69.58
68.6
-68.6
68.6
-68.6
69.58
-68.6
69.58
-67.62
68.6
-67.62
68.6
-66.64
68.6
-66.64
68.6
-65.66
67.62
-64.68
67.62
-64.68
67.62
-64.68
67.62
-63.7
67.62
-63.7
66.64
-63.7
66.64
-63.7
66.64
-62.72
66.64
-62.72
65.66
-61.74
65.66
-61.74
65.66
-60.76
64.68
-59.78
63.7
-59.78
63.7
-58.8
62.72
-58.8
61.74
-57.82
60.76
-57.82
60.76
-56.84
59.78
-56.84
59.78
-56.84
58.8
-55.86
58.8
-55.86
58.8
-54.88
58.8
-54.88
57.82
-54.88
57.82
-54.88
57.82
-54.88
56.84
-54.88
56.84
-54.88
56.84
-55.86
56.84
-55.86
56.84
-55.86
56.84
-55.86
56.84
-55.86
56.84
-55.86
56.84
-55.86
56.84
-55.86
56.84
-55.86
56.84
-55.86
56.84
-55.86
56.84
-55.86
56.84
-55.86
56.84
-55.86
56.84
-55.86
56.84
-55.86
55.86
-54.88
55.86
-54.88
55.86
-54.88
55.86
-54.88
55.86
-53.9
54.88
-53.9
54.88
-52.92
54.88
-51.94
53.9
-50.96
53.9
-49.98
53.9
-49
52.92
-49
51.94
-48.02
51.94
-48.02
50.96
-47.04
49.98
-46.06
49
-46.06
48.02
-45.08
48.02
-44.1
47.04
-43.12
46.06
-43.12
45.08
-42.14
43.12
44.1
-42.14
42.14
-41.16
41.16
-40.18
40.18
-39.2
40.18
-38.22
-37.24
38.22
39.2
-36.26
-35.28
-34.3
-33.32
37.24
-32.34
-31.36
-30.38
35.28
36.26
-29.4
-28.42
31.36
32.34
33.32
34.3
-27.44
-26.46
0
0.98
1.96
28.42
29.4
30.38
-25.48
-0.98
2.94
26.46
27.44
-24.5
-23.52
-22.54
-2.94
-1.96
3.92
4.9
24.5
25.48
-21.56
-20.58
-19.6
-3.92
5.88
6.86
22.54
23.52
-18.62
-17.64
-16.66
-15.68
-6.86
-5.88
-4.9
7.84
8.82
9.8
10.78
19.6
20.58
21.56
-14.7
-13.72
-12.74
-11.76
-10.78
-9.8
-8.82
-7.84
11.76
12.74
13.72
14.7
15.68
16.66
17.64
18.62
-19.6
-18.62
-17.64
-16.66
-15.68
-14.7
-13.72
-12.74
-11.76
-10.78
-9.8
-8.82
-21.56
-20.58
-7.84
-6.86
-5.88
12.74
13.72
14.7
15.68
16.66
17.64
18.62
-23.52
-22.54
-4.9
-3.92
10.78
11.76
19.6
20.58
21.56
-25.48
-24.5
-2.94
9.8
22.54
23.52
24.5
-26.46
-1.96
8.82
25.48
26.46
-28.42
-27.44
-0.98
0
7.84
27.44
28.42
-30.38
-29.4
0.98
6.86
29.4
30.38
-32.34
-31.36
1.96
2.94
4.9
5.88
31.36
32.34
-34.3
-33.32
3.92
33.32
34.3
-35.28
35.28
-36.26
36.26
-37.24
37.24
-38.22
38.22
-39.2
39.2
-41.16
-40.18
39.2
-42.14
40.18
41.16
-43.12
42.14
-44.1
43.12
-45.08
44.1
45.08
-46.06
46.06
-47.04
47.04
-48.02
47.04
-49
48.02
-49
49
-49.98
49
-49.98
49.98
-50.96
49.98
-50.96
50.96
-51.94
51.94
-51.94
51.94
-52.92
52.92
-52.92
53.9
-53.9
54.88
-54.88
54.88
-54.88
55.86
-55.86
56.84
-56.84
56.84
-56.84
57.82
-57.82
57.82
-57.82
58.8
-58.8
58.8
-58.8
0.98
1.96
2.94
59.78
-59.78
0
3.92
59.78
-60.76
-0.98
3.92
60.76
-61.74
-0.98
4.9
60.76
-62.72
-1.96
4.9
60.76
-63.7
-1.96
4.9
61.74
-63.7
-2.94
5.88
62.72
-64.68
-2.94
5.88
62.72
-64.68
-3.92
6.86
63.7
-65.66
-3.92
6.86
64.68
-65.66
-4.9
6.86
64.68
-66.64
-4.9
7.84
65.66
-66.64
-4.9
7.84
65.66
-66.64
-5.88
7.84
66.64
-66.64
-5.88
7.84
66.64
-67.62
-6.86
7.84
66.64
-67.62
-6.86
7.84
67.62
-67.62
-6.86
6.86
67.62
-67.62
-7.84
6.86
68.6
-68.6
-7.84
5.88
68.6
-68.6
-7.84
5.88
69.58
-68.6
-7.84
5.88
69.58
-68.6
-6.86
5.88
69.58
-68.6
-6.86
5.88
70.56
-68.6
-6.86
5.88
70.56
-68.6
-6.86
5.88
70.56
-68.6
-6.86
6.86
71.54
-68.6
-6.86
6.86
71.54
-68.6
-6.86
6.86
71.54
-68.6
-7.84
7.84
71.54
-69.58
-7.84
7.84
71.54
-69.58
-7.84
8.82
71.54
-69.58
-7.84
8.82
71.54
-69.58
-7.84
8.82
71.54
-69.58
-6.86
8.82
71.54
-69.58
-5.88
8.82
71.54
-69.58
-4.9
7.84
71.54
-69.58
-3.92
6.86
70.56
-69.58
-2.94
5.88
70.56
-69.58
-1.96
4.9
70.56
-69.58
-0.98
0
2.94
3.92
69.58
-69.58
0
0.98
1.96
2.94
69.58
-69.58
68.6
-69.58
68.6
-69.58
67.62
-69.58
67.62
-69.58
67.62
-69.58
67.62
-69.58
67.62
-69.58
68.6
-69.58
68.6
-68.6
68.6
-68.6
68.6
-68.6
68.6
-68.6
68.6
-67.62
68.6
-67.62
68.6
-66.64
68.6
-66.64
67.62
-65.66
67.62
-65.66
67.62
-64.68
66.64
-64.68
66.64
-64.68
66.64
-63.7
66.64
-63.7
66.64
-63.7
66.64
-62.72
65.66
-62.72
65.66
-61.74
65.66
-60.76
64.68
-60.76
64.68
-59.78
63.7
-59.78
62.72
-58.8
62.72
-58.8
61.74
-57.82
60.76
-57.82
59.78
-56.84
59.78
-56.84
59.78
-56.84
58.8
-55.86
58.8
-55.86
58.8
-55.86
58.8
-54.88
58.8
-54.88
57.82
-54.88
57.82
-54.88
57.82
-55.86
56.84
-55.86
56.84
-55.86
56.84
-55.86
56.84
-55.86
56.84
-55.86
56.84
-55.86
56.84
-55.86
56.84
-55.86
56.84
-55.86
56.84
-55.86
56.84
-55.86
56.84
-55.86
56.84
-55.86
56.84
-55.86
56.84
-55.86
56.84
-55.86
56.84
-55.86
55.86
-55.86
55.86
-54.88
55.86
-54.88
55.86
-54.88
55.86
-53.9
54.88
-53.9
54.88
-52.92
54.88
-51.94
54.88
-50.96
53.9
-49.98
53.9
-49
52.92
-49
52.92
-48.02
51.94
-48.02
50.96
-47.04
49.98
-46.06
49
-45.08
48.02
-45.08
48.02
-44.1
47.04
-43.12
46.06
-43.12
45.08
-42.14
44.1
-41.16
43.12
-41.16
42.14
-40.18
41.16
-39.2
-38.22
40.18
-37.24
-36.26
39.2
-35.28
-34.3
-33.32
-32.34
37.24
38.22
-31.36
-30.38
34.3
35.28
36.26
-29.4
-28.42
30.38
31.36
32.34
33.32
-27.44
0
0.98
27.44
28.42
29.4
-26.46
-25.48
-0.98
1.96
2.94
26.46
-24.5
-23.52
-22.54
-1.96
3.92
24.5
25.48
-21.56
-20.58
-19.6
-3.92
-2.94
4.9
5.88
22.54
23.52
-18.62
-17.64
-16.66
-15.68
-5.88
-4.9
6.86
7.84
8.82
19.6
20.58
21.56
-14.7
-13.72
-12.74
-11.76
-10.78
-9.8
-8.82
-7.84
-6.86
9.8
10.78
11.76
12.74
13.72
14.7
15.68
16.66
17.64
18.62
-19.6
-18.62
-17.64
-16.66
-15.68
-14.7
-13.72
-12.74
-11.76
-10.78
-9.8
-8.82
-7.84
-21.56
-20.58
-6.86
-5.88
11.76
12.74
13.72
14.7
15.68
16.66
17.64
18.62
-23.52
-22.54
-4.9
-3.92
9.8
10.78
19.6
20.58
21.56
-24.5
-2.94
-1.96
8.82
22.54
23.52
24.5
-26.46
-25.48
-0.98
7.84
25.48
26.46
-28.42
-27.44
0
6.86
27.44
28.42
-30.38
-29.4
0.98
5.88
29.4
30.38
-32.34
-31.36
1.96
2.94
3.92
4.9
31.36
32.34
-33.32
33.32
34.3
-35.28
-34.3
35.28
-36.26
36.26
-37.24
37.24
-38.22
38.22
-40.18
-39.2
39.2
-41.16
40.18
-43.12
-42.14
41.16
-44.1
42.14
-45.08
43.12
-46.06
44.1
45.08
-47.04
46.06
-47.04
47.04
-48.02
47.04
-49
48.02
-49
49
-49.98
49
-50.96
49.98
-50.96
50.96
-51.94
50.96
-51.94
51.94
-52.92
52.92
-52.92
52.92
-53.9
53.9
-53.9
54.88
-54.88
54.88
-55.86
55.86
-55.86
56.84
-56.84
56.84
-56.84
57.82
-57.82
57.82
-57.82
58.8
-58.8
58.8
-58.8
0.98
1.96
59.78
-59.78
0
2.94
59.78
-60.76
-0.98
3.92
60.76
-61.74
-1.96
4.9
60.76
-62.72
-1.96
4.9
61.74
-63.7
-1.96
5.88
61.74
-63.7
-2.94
5.88
62.72
-64.68
-2.94
5.88
62.72
-64.68
-3.92
6.86
63.7
-65.66
-3.92
6.86
64.68
-65.66
-4.9
6.86
64.68
-66.64
-4.9
7.84
65.66
-66.64
-5.88
7.84
65.66
-66.64
-5.88
7.84
66.64
-67.62
-5.88
7.84
66.64
-67.62
-6.86
7.84
66.64
-67.62
-6.86
6.86
67.62
-67.62
-6.86
6.86
67.62
-67.62
-6.86
5.88
68.6
-68.6
-6.86
5.88
68.6
-68.6
-6.86
5.88
68.6
-68.6
-6.86
4.9
69.58
-68.6
-6.86
4.9
69.58
-68.6
-6.86
4.9
70.56
-68.6
-6.86
4.9
70.56
-68.6
-6.86
5.88
70.56
-68.6
-6.86
5.88
71.54
-68.6
-6.86
5.88
71.54
-69.58
-6.86
6.86
71.54
-69.58
-6.86
6.86
71.54
-69.58
-6.86
7.84
71.54
-69.58
-6.86
7.84
71.54
-69.58
-6.86
8.82
71.54
-69.58
-6.86
8.82
71.54
-69.58
-6.86
8.82
71.54
-69.58
-5.88
8.82
71.54
-69.58
-5.88
7.84
71.54
-69.58
-4.9
7.84
70.56
-69.58
-3.92
6.86
70.56
-69.58
-2.94
5.88
70.56
-69.58
-1.96
4.9
69.58
-69.58
-0.98
3.92
69.58
-69.58
0
0.98
1.96
2.94
68.6
-69.58
68.6
-69.58
67.62
-69.58
67.62
-69.58
67.62
-69.58
67.62
-69.58
67.62
-69.58
68.6
-69.58
68.6
-68.6
68.6
-68.6
68.6
-68.6
68.6
-68.6
68.6
-67.62
68.6
-67.62
68.6
-66.64
68.6
-66.64
67.62
-65.66
67.62
-65.66
66.64
-64.68
66.64
-64.68
66.64
-64.68
66.64
-63.7
65.66
-63.7
65.66
-62.72
65.66
-62.72
65.66
-61.74
65.66
-61.74
64.68
-60.76
64.68
-60.76
63.7
-59.78
63.7
-59.78
62.72
-58.8
61.74
-58.8
61.74
-57.82
60.76
-57.82
-0.98
0
0.98
1.96
2.94
59.78
-57.82
-1.96
-0.98
0
0.98
1.96
2.94
59.78
-56.84
-1.96
-0.98
0
0.98
1.96
2.94
3.92
59.78
-56.84
-1.96
-0.98
0
0.98
1.96
2.94
58.8
-56.84
-0.98
0
0.98
1.96
2.94
58.8
-55.86
0
0.98
1.96
2.94
58.8
-55.86
58.8
-55.86
58.8
-55.86
58.8
-55.86
58.8
-55.86
57.82
-55.86
57.82
-55.86
57.82
-55.86
56.84
-55.86
56.84
-55.86
56.84
-55.86
56.84
-56.84
56.84
-56.84
56.84
-56.84
56.84
-56.84
56.84
-56.84
56.84
-56.84
56.84
-56.84
56.84
-55.86
56.84
-55.86
56.84
-55.86
56.84
-55.86
56.84
-55.86
55.86
-55.86
55.86
-54.88
55.86
-54.88
55.86
-54.88
55.86
-53.9
54.88
-53.9
54.88
-52.92
54.88
-51.94
54.88
-50.96
53.9
-49.98
53.9
-49
52.92
-49
52.92
-48.02
51.94
-48.02
50.96
-47.04
49.98
-46.06
49
-45.08
48.02
-44.1
47.04
-44.1
46.06
-43.12
46.06
-42.14
45.08
-42.14
44.1
-41.16
43.12
-40.18
42.14
-39.2
41.16
-38.22
40.18
-37.24
-36.26
-35.28
39.2
-34.3
-33.32
-32.34
37.24
38.22
-31.36
-30.38
34.3
35.28
36.26
-29.4
-28.42
29.4
30.38
31.36
32.34
33.32
-27.44
27.44
28.42
-26.46
-25.48
-0.98
0
0.98
1.96
26.46
-24.5
-23.52
-22.54
-1.96
2.94
3.92
24.5
25.48
-21.56
-20.58
-19.6
-18.62
-2.94
4.9
22.54
23.52
-17.64
-16.66
-15.68
-5.88
-4.9
-3.92
5.88
6.86
19.6
20.58
21.56
-14.7
-13.72
-12.74
-11.76
-10.78
-9.8
-8.82
-7.84
-6.86
7.84
8.82
9.8
10.78
11.76
12.74
13.72
14.7
15.68
16.66
17.64
18.62
-18.62
-17.64
-16.66
-15.68
-14.7
-13.72
-12.74
-11.76
-10.78
-9.8
-8.82
-7.84
-21.56
-20.58
-19.6
-6.86
-5.88
-4.9
11.76
12.74
13.72
14.7
15.68
16.66
17.64
18.62
-23.52
-22.54
-3.92
-2.94
9.8
10.78
19.6
20.58
21.56
-24.5
-1.96
8.82
22.54
23.52
-25.48
-0.98
7.84
24.5
25.48
26.46
-27.44
-26.46
0
6.86
27.44
28.42
-29.4
-28.42
0.98
5.88
29.4
30.38
-32.34
-31.36
-30.38
1.96
2.94
3.92
4.9
31.36
32.34
-33.32
33.32
-35.28
-34.3
34.3
35.28
-36.26
36.26
-37.24
37.24
-39.2
-38.22
38.22
-40.18
39.2
-42.14
-41.16
40.18
-43.12
41.16
-44.1
42.14
-45.08
43.12
-46.06
44.1
45.08
-47.04
46.06
-47.04
47.04
-48.02
48.02
-49
48.02
-49.98
49
-49.98
49.98
-50.96
49.98
-50.96
50.96
-51.94
50.96
-51.94
51.94
-52.92
52.92
-52.92
52.92
-53.9
53.9
-53.9
54.88
-54.88
54.88
-55.86
55.86
-55.86
55.86
-56.84
56.84
-56.84
57.82
-57.82
57.82
-57.82
58.8
-58.8
58.8
-58.8
0.98
1.96
59.78
-59.78
0
2.94
59.78
-60.76
-0.98
3.92
60.76
-61.74
-1.96
3.92
60.76
-62.72
-1.96
4.9
61.74
-63.7
-2.94
4.9
61.74
-63.7
-2.94
5.88
62.72
-64.68
-2.94
5.88
63.7
-65.66
-3.92
6.86
63.7
-65.66
-3.92
6.86
64.68
-65.66
-4.9
7.84
64.68
-66.64
-4.9
7.84
65.66
-66.64
-5.88
7.84
65.66
-66.64
-5.88
7.84
66.64
-67.62
-5.88
7.84
66.64
-67.62
-6.86
6.86
66.64
-67.62
-6.86
6.86
67.62
-67.62
-6.86
6.86
67.62
-67.62
-6.86
5.88
67.62
-68.6
-6.86
4.9
68.6
-68.6
-6.86
4.9
68.6
-68.6
-6.86
4.9
69.58
-68.6
-5.88
4.9
69.58
-68.6
-5.88
4.9
28.42
29.4
70.56
-68.6
-5.88
4.9
28.42
29.4
70.56
-68.6
-5.88
4.9
28.42
29.4
70.56
-68.6
-5.88
4.9
71.54
-69.58
-5.88
5.88
71.54
-69.58
-5.88
5.88
71.54
-69.58
-5.88
5.88
71.54
-69.58
-5.88
6.86
71.54
-69.58
-6.86
7.84
71.54
-69.58
-6.86
7.84
71.54
-69.58
-6.86
8.82
71.54
-69.58
-5.88
8.82
71.54
-69.58
-5.88
8.82
71.54
-69.58
-5.88
7.84
71.54
-69.58
-4.9
7.84
71.54
-69.58
-4.9
6.86
70.56
-69.58
-3.92
6.86
70.56
-69.58
-2.94
5.88
70.56
-69.58
-1.96
4.9
69.58
-69.58
-0.98
3.92
69.58
-69.58
0
0.98
1.96
2.94
68.6
-69.58
67.62
-69.58
67.62
-69.58
67.62
-69.58
67.62
-69.58
67.62
-69.58
68.6
-68.6
68.6
-68.6
68.6
-68.6
68.6
-68.6
68.6
-67.62
68.6
-67.62
68.6
-67.62
68.6
-66.64
67.62
-66.64
67.62
-65.66
66.64
-65.66
66.64
-64.68
66.64
-64.68
65.66
-64.68
65.66
-63.7
65.66
-63.7
65.66
-62.72
65.66
-62.72
65.66
-61.74
64.68
-61.74
64.68
-60.76
64.68
-60.76
63.7
-59.78
62.72
-59.78
62.72
-59.78
61.74
-58.8
-0.98
0
0.98
1.96
2.94
3.92
60.76
-58.8
-2.94
-1.96
-0.98
0
0.98
1.96
2.94
3.92
60.76
-57.82
-2.94
-1.96
3.92
4.9
59.78
-57.82
-2.94
3.92
4.9
59.78
-57.82
-2.94
4.9
59.78
-56.84
-2.94
3.92
4.9
59.78
-56.84
-2.94
-1.96
3.92
4.9
59.78
-56.84
-2.94
-1.96
-0.98
3.92
59.78
-55.86
-1.96
-0.98
0
0.98
1.96
2.94
3.92
58.8
-55.86
0.98
1.96
2.94
58.8
-55.86
58.8
-55.86
58.8
-55.86
58.8
-55.86
57.82
-55.86
57.82
-55.86
57.82
-56.84
57.82
-56.84
56.84
-56.84
56.84
-56.84
56.84
-56.84
56.84
-56.84
56.84
-56.84
57.82
-56.84
56.84
-56.84
56.84
-56.84
56.84
-56.84
56.84
-55.86
56.84
-55.86
56.84
-55.86
56.84
-55.86
55.86
-55.86
55.86
-54.88
55.86
-54.88
55.86
-54.88
55.86
-53.9
54.88
-52.92
54.88
-52.92
54.88
-51.94
54.88
-50.96
53.9
-49.98
53.9
-49
52.92
-49
52.92
-48.02
51.94
-47.04
50.96
-47.04
49.98
-46.06
49
-45.08
48.02
-44.1
47.04
-43.12
46.06
-43.12
45.08
-42.14
44.1
-41.16
44.1
-41.16
43.12
-40.18
42.14
-39.2
41.16
-38.22
-37.24
40.18
-36.26
-35.28
-34.3
39.2
-33.32
-32.34
38.22
-31.36
-30.38
34.3
35.28
36.26
37.24
-29.4
-28.42
29.4
30.38
31.36
32.34
33.32
-27.44
27.44
28.42
-26.46
-25.48
-0.98
0
0.98
1.96
26.46
-24.5
-23.52
-1.96
2.94
3.92
24.5
25.48
-22.54
-21.56
-20.58
-19.6
-18.62
-2.94
4.9
22.54
23.52
-17.64
-16.66
-15.68
-4.9
-3.92
5.88
20.58
21.56
-14.7
-13.72
-12.74
-11.76
-10.78
-9.8
-8.82
-7.84
-6.86
-5.88
6.86
7.84
8.82
16.66
17.64
18.62
19.6
9.8
10.78
11.76
12.74
13.72
14.7
15.68
-17.64
-16.66
-15.68
-14.7
-13.72
-12.74
-11.76
-10.78
-9.8
-8.82
-7.84
-6.86
14.7
-21.56
-20.58
-19.6
-18.62
-5.88
-4.9
10.78
11.76
12.74
13.72
15.68
16.66
17.64
18.62
-22.54
-3.92
-2.94
9.8
19.6
20.58
21.56
-24.5
-23.52
-1.96
8.82
22.54
23.52
-25.48
-0.98
7.84
24.5
25.48
26.46
-27.44
-26.46
0
6.86
27.44
28.42
-29.4
-28.42
0.98
1.96
5.88
29.4
30.38
-31.36
-30.38
2.94
3.92
4.9
31.36
32.34
-33.32
-32.34
33.32
-34.3
34.3
35.28
-36.26
-35.28
36.26
-37.24
37.24
-39.2
-38.22
38.22
-41.16
-40.18
39.2
-42.14
40.18
-43.12
41.16
-44.1
42.14
-45.08
43.12
-46.06
44.1
45.08
-47.04
46.06
-48.02
47.04
-48.02
48.02
-49
48.02
-49.98
49
-49.98
49.98
-50.96
49.98
-51.94
50.96
-51.94
51.94
-51.94
51.94
-52.92
52.92
-52.92
52.92
-53.9
53.9
-54.88
54.88
-54.88
54.88
-55.86
55.86
-55.86
55.86
-56.84
56.84
-56.84
56.84
-57.82
57.82
-57.82
58.8
-58.8
58.8
-58.8
0.98
59.78
-59.78
0
1.96
59.78
-60.76
-0.98
2.94
59.78
-61.74
-0.98
3.92
60.76
-62.72
-1.96
4.9
61.74
-62.72
-1.96
4.9
61.74
-63.7
-2.94
5.88
62.72
-64.68
-2.94
5.88
63.7
-64.68
-3.92
6.86
63.7
-65.66
-3.92
6.86
64.68
-65.66
-4.9
6.86
64.68
-66.64
-4.9
7.84
65.66
-66.64
-4.9
7.84
65.66
-66.64
-5.88
7.84
66.64
-67.62
-5.88
7.84
66.64
-67.62
-5.88
6.86
66.64
-67.62
-6.86
6.86
67.62
-67.62
-6.86
5.88
67.62
-67.62
-6.86
5.88
67.62
-67.62
-6.86
4.9
68.6
-68.6
-26.46
-6.86
4.9
68.6
-68.6
-5.88
3.92
28.42
29.4
69.58
-68.6
-5.88
3.92
27.44
28.42
29.4
69.58
-68.6
-5.88
3.92
27.44
30.38
70.56
-68.6
-5.88
3.92
26.46
27.44
30.38
70.56
-68.6
-4.9
3.92
26.46
27.44
30.38
70.56
-68.6
-4.9
3.92
27.44
28.42
29.4
71.54
-69.58
-4.9
4.9
71.54
-69.58
-4.9
4.9
71.54
-69.58
-4.9
4.9
71.54
-69.58
-4.9
5.88
71.54
-69.58
-5.88
-4.9
6.86
71.54
-69.58
-5.88
6.86
71.54
-69.58
-5.88
7.84
71.54
-69.58
-5.88
7.84
71.54
-69.58
-5.88
7.84
71.54
-69.58
-4.9
7.84
71.54
-69.58
-4.9
7.84
71.54
-69.58
-4.9
7.84
70.56
-69.58
-3.92
6.86
70.56
-69.58
-3.92
5.88
70.56
-69.58
-2.94
5.88
69.58
-69.58
-1.96
4.9
69.58
-69.58
-0.98
3.92
68.6
-69.58
0
0.98
1.96
2.94
68.6
-69.58
68.6
-69.58
67.62
-69.58
67.62
-69.58
68.6
-68.6
68.6
-68.6
68.6
-68.6
68.6
-68.6
68.6
-68.6
68.6
-67.62
68.6
-67.62
68.6
-67.62
68.6
-66.64
67.62
-66.64
67.62
-65.66
66.64
-65.66
66.64
-65.66
65.66
-64.68
65.66
-64.68
65.66
-63.7
65.66
-63.7
65.66
-62.72
65.66
-62.72
64.68
-61.74
64.68
-61.74
64.68
-60.76
63.7
-60.76
63.7
-60.76
62.72
-59.78
62.72
-59.78
-2.94
-1.96
-0.98
0
0.98
1.96
2.94
3.92
61.74
-59.78
-2.94
-1.96
4.9
61.74
-58.8
-3.92
4.9
60.76
-58.8
-3.92
5.88
59.78
-57.82
-3.92
5.88
59.78
-57.82
-3.92
5.88
59.78
-57.82
-3.92
5.88
59.78
-56.84
-3.92
5.88
59.78
-56.84
-3.92
4.9
59.78
-56.84
-2.94
4.9
59.78
-56.84
-2.94
-1.96
-0.98
0
3.92
4.9
59.78
-55.86
0.98
1.96
2.94
58.8
-55.86
58.8
-55.86
58.8
-55.86
58.8
-56.84
57.82
-56.84
57.82
-56.84
57.82
-56.84
57.82
-56.84
57.82
-56.84
57.82
-56.84
57.82
-56.84
57.82
-56.84
57.82
-56.84
57.82
-56.84
57.82
-56.84
56.84
-56.84
56.84
-55.86
56.84
-55.86
56.84
-55.86
56.84
-55.86
55.86
-55.86
55.86
-54.88
55.86
-54.88
55.86
-53.9
54.88
-53.9
54.88
-52.92
54.88
-52.92
54.88
-51.94
53.9
-50.96
53.9
-49.98
53.9
-49
52.92
-49
52.92
-48.02
51.94
-47.04
50.96
-47.04
49.98
-46.06
49
-45.08
48.02
-44.1
47.04
-43.12
46.06
-43.12
45.08
-42.14
44.1
-41.16
43.12
-40.18
43.12
-40.18
-39.2
42.14
-38.22
41.16
-37.24
-36.26
40.18
-35.28
-34.3
40.18
-33.32
-32.34
-31.36
38.22
39.2
-30.38
35.28
36.26
37.24
-29.4
29.4
30.38
31.36
32.34
33.32
34.3
-28.42
-27.44
27.44
28.42
-26.46
-0.98
0
0.98
1.96
26.46
-25.48
-24.5
-23.52
-1.96
2.94
25.48
-22.54
-21.56
-20.58
-19.6
-18.62
-2.94
3.92
4.9
23.52
24.5
-17.64
-16.66
-15.68
-4.9
-3.92
5.88
20.58
21.56
22.54
-14.7
-13.72
-12.74
-11.76
-10.78
-9.8
-8.82
-7.84
-6.86
-5.88
6.86
7.84
17.64
18.62
19.6
8.82
9.8
10.78
11.76
12.74
13.72
14.7
15.68
16.66
-16.66
-15.68
-14.7
-13.72
-12.74
-11.76
-10.78
-9.8
-8.82
-7.84
-6.86
13.72
14.7
15.68
-20.58
-19.6
-18.62
-17.64
-5.88
-4.9
-3.92
10.78
11.76
12.74
16.66
17.64
18.62
-22.54
-21.56
-2.94
9.8
19.6
20.58
21.56
-24.5
-23.52
-1.96
8.82
22.54
23.52
-25.48
-0.98
7.84
24.5
25.48
-27.44
-26.46
0
6.86
26.46
27.44
28.42
-29.4
-28.42
0.98
1.96
4.9
5.88
29.4
-31.36
-30.38
2.94
3.92
30.38
31.36
-33.32
-32.34
32.34
33.32
-34.3
34.3
35.28
-36.26
-35.28
36.26
-37.24
37.24
-39.2
-38.22
38.22
-41.16
-40.18
39.2
-42.14
39.2
-43.12
40.18
-44.1
41.16
42.14
-45.08
43.12
-46.06
44.1
-47.04
45.08
46.06
-48.02
47.04
-48.02
47.04
-49
48.02
-49.98
49
-50.96
49.98
-50.96
49.98
-51.94
50.96
-51.94
51.94
-52.92
51.94
-52.92
52.92
-53.9
53.9
-53.9
53.9
-54.88
54.88
-54.88
54.88
-55.86
55.86
-55.86
55.86
-56.84
56.84
-56.84
56.84
-57.82
57.82
-57.82
57.82
-58.8
58.8
-58.8
58.8
-59.78
0.98
1.96
59.78
-60.76
0
2.94
59.78
-61.74
-0.98
3.92
60.76
-62.72
-1.96
3.92
61.74
-62.72
-1.96
4.9
61.74
-63.7
-2.94
4.9
62.72
-64.68
-2.94
5.88
63.7
-64.68
-3.92
5.88
63.7
-65.66
-3.92
6.86
64.68
-65.66
-3.92
6.86
65.66
-66.64
-4.9
6.86
65.66
-66.64
-4.9
6.86
65.66
-66.64
-5.88
6.86
66.64
-67.62
-5.88
6.86
66.64
-67.62
-5.88
6.86
66.64
-67.62
-5.88
5.88
66.64
-67.62
-27.44
-26.46
-5.88
5.88
67.62
-67.62
-28.42
-27.44
-26.46
-25.48
-5.88
4.9
67.62
-67.62
-28.42
-27.44
-26.46
-25.48
-5.88
4.9
68.6
-67.62
-28.42
-27.44
-25.48
-24.5
-5.88
3.92
28.42
29.4
68.6
-68.6
-27.44
-26.46
-25.48
-24.5
-5.88
3.92
27.44
30.38
69.58
-68.6
-26.46
-25.48
-24.5
-5.88
3.92
26.46
30.38
69.58
-68.6
-4.9
2.94
26.46
31.36
69.58
-68.6
-4.9
2.94
25.48
31.36
70.56
-68.6
-3.92
2.94
25.48
30.38
70.56
-69.58
-3.92
2.94
25.48
26.46
30.38
71.54
-69.58
-3.92
2.94
3.92
26.46
27.44
28.42
29.4
71.54
-69.58
-3.92
-2.94
2.94
3.92
71.54
-69.58
-3.92
-2.94
2.94
3.92
71.54
-69.58
-3.92
-2.94
3.92
4.9
71.54
-69.58
-3.92
-2.94
3.92
4.9
5.88
71.54
-69.58
-4.9
-3.92
4.9
5.88
71.54
-69.58
-4.9
-3.92
5.88
6.86
71.54
-69.58
-4.9
6.86
71.54
-69.58
-4.9
7.84
71.54
-69.58
-4.9
7.84
71.54
-69.58
-4.9
7.84
71.54
-69.58
-4.9
7.84
71.54
-69.58
-3.92
6.86
70.56
-69.58
-3.92
6.86
70.56
-69.58
-2.94
5.88
70.56
-69.58
-1.96
4.9
69.58
-69.58
-1.96
3.92
69.58
-69.58
-0.98
0
2.94
68.6
-69.58
0.98
1.96
68.6
-69.58
68.6
-69.58
68.6
-68.6
68.6
-68.6
68.6
-68.6
68.6
-68.6
69.58
-68.6
69.58
-67.62
69.58
-67.62
68.6
-67.62
68.6
-67.62
68.6
-66.64
67.62
-66.64
66.64
-65.66
66.64
-65.66
65.66
-65.66
65.66
-64.68
65.66
-64.68
65.66
-63.7
65.66
-63.7
65.66
-62.72
64.68
-62.72
64.68
-61.74
64.68
-61.74
63.7
-61.74
63.7
-60.76
63.7
-60.76
62.72
-60.76
-2.94
-1.96
-0.98
0
0.98
1.96
2.94
3.92
4.9
62.72
-59.78
-3.92
4.9
61.74
-59.78
-3.92
5.88
61.74
-59.78
-4.9
5.88
60.76
-58.8
-4.9
5.88
60.76
-58.8
-4.9
5.88
59.78
-57.82
-4.9
5.88
59.78
-57.82
-4.9
5.88
59.78
-57.82
-4.9
5.88
59.78
-56.84
-4.9
5.88
59.78
-56.84
-3.92
5.88
59.78
-56.84
-3.92
5.88
59.78
-56.84
-2.94
-1.96
-0.98
0
0.98
3.92
4.9
59.78
-56.84
1.96
2.94
59.78
-56.84
58.8
-56.84
58.8
-56.84
58.8
-56.84
57.82
-56.84
57.82
-56.84
57.82
-56.84
57.82
-56.84
57.82
-56.84
57.82
-56.84
57.82
-56.84
57.82
-56.84
57.82
-56.84
57.82
-56.84
57.82
-56.84
56.84
-55.86
56.84
-55.86
56.84
-55.86
56.84
-55.86
55.86
-55.86
55.86
-54.88
55.86
-54.88
55.86
-53.9
54.88
-53.9
54.88
-52.92
54.88
-51.94
54.88
-51.94
53.9
-50.96
53.9
-49.98
52.92
-49
52.92
-49
51.94
-48.02
51.94
-47.04
50.96
-47.04
49.98
-46.06
49
-45.08
48.02
-44.1
47.04
-43.12
46.06
-42.14
45.08
-42.14
44.1
-41.16
43.12
-40.18
42.14
-39.2
42.14
-38.22
41.16
-37.24
-36.26
40.18
-35.28
-34.3
-33.32
40.18
-32.34
-31.36
38.22
39.2
-30.38
35.28
36.26
37.24
-29.4
30.38
31.36
32.34
33.32
34.3
-28.42
28.42
29.4
-27.44
-26.46
-0.98
0
0.98
1.96
27.44
-25.48
-24.5
-1.96
2.94
25.48
26.46
-23.52
-22.54
-21.56
-20.58
-19.6
-2.94
3.92
4.9
23.52
24.5
-18.62
-17.64
-16.66
-15.68
-4.9
-3.92
5.88
21.56
22.54
-14.7
-13.72
-12.74
-11.76
-10.78
-9.8
-8.82
-7.84
-6.86
-5.88
6.86
18.62
19.6
20.58
7.84
8.82
9.8
15.68
16.66
17.64
10.78
11.76
12.74
13.72
14.7
-14.7
-13.72
-12.74
-11.76
-10.78
-9.8
-8.82
-7.84
-6.86
13.72
14.7
15.68
-20.58
-19.6
-18.62
-17.64
-16.66
-15.68
-5.88
-4.9
-3.92
10.78
11.76
12.74
16.66
17.64
18.62
-22.54
-21.56
-2.94
8.82
9.8
19.6
20.58
-23.52
-1.96
7.84
21.56
22.54
23.52
-25.48
-24.5
-0.98
6.86
24.5
25.48
-26.46
0
0.98
5.88
26.46
27.44
-28.42
-27.44
1.96
4.9
28.42
29.4
-30.38
-29.4
2.94
3.92
30.38
31.36
-32.34
-31.36
32.34
33.32
-34.3
-33.32
34.3
-36.26
-35.28
35.28
36.26
-37.24
37.24
-39.2
-38.22
38.22
-41.16
-40.18
39.2
-42.14
39.2
-43.12
40.18
-44.1
41.16
42.14
-45.08
43.12
-46.06
44.1
-47.04
45.08
-48.02
46.06
-48.02
47.04
-49
48.02
-49.98
49
-50.96
49.98
-50.96
49.98
-51.94
50.96
-51.94
51.94
-52.92
51.94
-52.92
52.92
-53.9
53.9
-53.9
53.9
-54.88
54.88
-54.88
54.88
-55.86
55.86
-55.86
55.86
-56.84
56.84
-56.84
56.84
-57.82
57.82
-57.82
57.82
-58.8
58.8
-58.8
58.8
-59.78
59.78
-60.76
0
0.98
1.96
59.78
-61.74
-0.98
2.94
60.76
-62.72
-0.98
3.92
60.76
-62.72
-1.96
4.9
61.74
-63.7
-1.96
4.9
62.72
-64.68
-2.94
5.88
63.7
-64.68
-2.94
5.88
64.68
-65.66
-3.92
6.86
64.68
-65.66
-3.92
6.86
65.66
-66.64
-4.9
6.86
65.66
-66.64
-4.9
6.86
65.66
-66.64
-4.9
6.86
66.64
-66.64
-5.88
6.86
66.64
-67.62
-5.88
6.86
66.64
-67.62
-28.42
-27.44
-26.46
-5.88
5.88
66.64
-67.62
-28.42
-25.48
-5.88
4.9
67.62
-67.62
-29.4
-24.5
-5.88
4.9
67.62
-67.62
-29.4
-24.5
-5.88
3.92
68.6
-67.62
-29.4
-23.52
-5.88
3.92
27.44
28.42
29.4
68.6
-68.6
-28.42
-23.52
-4.9
2.94
26.46
30.38
69.58
-68.6
-27.44
-23.52
-4.9
2.94
25.48
31.36
69.58
-68.6
-26.46
-25.48
-24.5
-23.52
-4.9
2.94
25.48
31.36
70.56
-68.6
-25.48
-24.5
-3.92
1.96
24.5
31.36
70.56
-68.6
-2.94
1.96
24.5
31.36
70.56
-69.58
-2.94
-1.96
0.98
1.96
24.5
30.38
71.54
-69.58
-2.94
-1.96
-0.98
0
0.98
1.96
25.48
29.4
71.54
-69.58
-1.96
-0.98
0
0.98
1.96
26.46
27.44
28.42
71.54
-69.58
-1.96
-0.98
0
0.98
1.96
71.54
-69.58
-1.96
-0.98
0
0.98
1.96
2.94
71.54
-69.58
-1.96
-0.98
0
0.98
1.96
2.94
71.54
-69.58
-2.94
-1.96
-0.98
0
0.98
1.96
2.94
3.92
71.54
-70.56
-2.94
-1.96
-0.98
0
1.96
2.94
3.92
4.9
71.54
-70.56
-3.92
-2.94
4.9
5.88
71.54
-70.56
-3.92
5.88
6.86
71.54
-69.58
-3.92
6.86
71.54
-69.58
-4.9
6.86
71.54
-69.58
-4.9
6.86
71.54
-69.58
-3.92
6.86
71.54
-69.58
-3.92
6.86
71.54
-69.58
-2.94
5.88
70.56
-69.58
-2.94
5.88
70.56
-69.58
-1.96
4.9
69.58
-69.58
-0.98
3.92
69.58
-69.58
0
0.98
1.96
2.94
69.58
-69.58
68.6
-69.58
68.6
-68.6
68.6
-68.6
69.58
-68.6
69.58
-67.62
69.58
-67.62
69.58
-67.62
69.58
-67.62
68.6
-67.62
68.6
-66.64
68.6
-66.64
67.62
-66.64
66.64
-65.66
66.64
-65.66
66.64
-65.66
65.66
-64.68
65.66
-64.68
65.66
-63.7
65.66
-63.7
65.66
-62.72
65.66
-62.72
64.68
-61.74
64.68
-61.74
63.7
-61.74
63.7
-61.74
63.7
-60.76
-2.94
-1.96
-0.98
0
0.98
1.96
2.94
3.92
4.9
62.72
-60.76
-3.92
5.88
62.72
-60.76
-4.9
5.88
61.74
-59.78
-4.9
6.86
61.74
-59.78
-4.9
6.86
61.74
-58.8
-5.88
6.86
60.76
-58.8
-5.88
6.86
60.76
-58.8
-5.88
6.86
60.76
-57.82
-5.88
6.86
59.78
-57.82
-5.88
6.86
59.78
-57.82
-4.9
6.86
59.78
-56.84
-4.9
6.86
59.78
-56.84
-4.9
5.88
59.78
-56.84
-3.92
-2.94
5.88
59.78
-56.84
-1.96
-0.98
0
0.98
1.96
2.94
3.92
4.9
59.78
-56.84
59.78
-56.84
58.8
-56.84
58.8
-56.84
58.8
-56.84
57.82
-56.84
57.82
-56.84
57.82
-56.84
57.82
-56.84
57.82
-56.84
57.82
-56.84
57.82
-56.84
57.82
-56.84
57.82
-56.84
57.82
-56.84
57.82
-55.86
56.84
-55.86
56.84
-55.86
56.84
-55.86
56.84
-54.88
55.86
-54.88
55.86
-54.88
55.86
-53.9
54.88
-53.9
54.88
-52.92
54.88
-51.94
53.9
-50.96
53.9
-50.96
53.9
-49.98
52.92
-49
52.92
-49
51.94
-48.02
51.94
-47.04
50.96
-47.04
49.98
-46.06
49
-45.08
48.02
-44.1
47.04
-43.12
46.06
-42.14
45.08
-42.14
44.1
-41.16
43.12
-40.18
42.14
-39.2
41.16
-38.22
-37.24
41.16
-36.26
-35.28
40.18
-34.3
-33.32
39.2
-32.34
-31.36
38.22
39.2
-30.38
35.28
36.26
37.24
-29.4
30.38
31.36
32.34
33.32
34.3
-28.42
0
0.98
29.4
-27.44
-0.98
1.96
2.94
27.44
28.42
-26.46
-25.48
-1.96
3.92
26.46
-24.5
-23.52
-22.54
-21.56
-20.58
-3.92
-2.94
4.9
24.5
25.48
-19.6
-18.62
-17.64
-16.66
-4.9
5.88
22.54
23.52
-15.68
-14.7
-13.72
-12.74
-11.76
-10.78
-9.8
-8.82
-7.84
-6.86
-5.88
6.86
19.6
20.58
21.56
7.84
8.82
16.66
17.64
18.62
9.8
10.78
11.76
12.74
13.72
14.7
15.68
-12.74
-11.76
-10.78
-9.8
-8.82
-7.84
-6.86
-5.88
13.72
14.7
-19.6
-18.62
-17.64
-16.66
-15.68
-14.7
-13.72
-4.9
-3.92
10.78
11.76
12.74
15.68
16.66
17.64
18.62
-21.56
-20.58
-2.94
8.82
9.8
19.6
20.58
-23.52
-22.54
-1.96
7.84
21.56
22.54
-25.48
-24.5
-0.98
6.86
23.52
24.5
25.48
-26.46
0
0.98
5.88
26.46
27.44
-28.42
-27.44
1.96
2.94
3.92
4.9
28.42
29.4
-30.38
-29.4
30.38
31.36
-32.34
-31.36
32.34
-34.3
-33.32
33.32
34.3
-35.28
35.28
-37.24
-36.26
36.26
37.24
-39.2
-38.22
37.24
-41.16
-40.18
38.22
-42.14
39.2
-43.12
40.18
-44.1
41.16
-45.08
42.14
43.12
-46.06
44.1
-47.04
45.08
-48.02
46.06
-48.02
47.04
-49
48.02
-49.98
49
-50.96
49
-50.96
49.98
-51.94
50.96
-52.92
51.94
-52.92
51.94
-52.92
52.92
-53.9
53.9
-53.9
53.9
-54.88
54.88
-54.88
54.88
-55.86
55.86
-55.86
55.86
-56.84
56.84
-56.84
56.84
-57.82
57.82
-57.82
57.82
-58.8
58.8
-58.8
58.8
-59.78
59.78
-60.76
0.98
59.78
-61.74
0
1.96
60.76
-62.72
-0.98
2.94
60.76
-62.72
-0.98
3.92
61.74
-63.7
-1.96
4.9
62.72
-64.68
-1.96
4.9
63.7
-64.68
-2.94
5.88
63.7
-65.66
-2.94
5.88
64.68
-65.66
-3.92
5.88
65.66
-66.64
-3.92
6.86
65.66
-66.64
-4.9
6.86
65.66
-66.64
-4.9
6.86
65.66
-66.64
-4.9
6.86
66.64
-67.62
-28.42
-27.44
-26.46
-5.88
5.88
66.64
-67.62
-29.4
-25.48
-5.88
5.88
66.64
-67.62
-29.4
-24.5
-5.88
4.9
67.62
-67.62
-29.4
-23.52
-5.88
3.92
67.62
-67.62
-29.4
-23.52
-5.88
3.92
28.42
29.4
68.6
-67.62
-29.4
-22.54
-4.9
2.94
27.44
30.38
68.6
-67.62
-28.42
-22.54
-4.9
2.94
26.46
30.38
69.58
-68.6
-28.42
-22.54
-3.92
1.96
25.48
31.36
69.58
-68.6
-27.44
-22.54
-3.92
1.96
24.5
31.36
70.56
-68.6
-26.46
-23.52
-22.54
-2.94
-1.96
0.98
24.5
31.36
70.56
-69.58
-25.48
-24.5
-23.52
-1.96
-0.98
0
0.98
23.52
30.38
70.56
-69.58
-0.98
0
23.52
30.38
71.54
-69.58
24.5
29.4
71.54
-69.58
24.5
25.48
28.42
71.54
-69.58
26.46
27.44
71.54
-69.58
71.54
-69.58
71.54
-69.58
71.54
-70.56
0.98
71.54
-70.56
-1.96
-0.98
0
0.98
1.96
2.94
3.92
71.54
-70.56
-2.94
-1.96
3.92
4.9
71.54
-70.56
-2.94
5.88
71.54
-70.56
-3.92
6.86
71.54
-70.56
-3.92
6.86
71.54
-69.58
-3.92
6.86
71.54
-69.58
-3.92
6.86
71.54
-69.58
-3.92
5.88
71.54
-69.58
-2.94
5.88
70.56
-69.58
-1.96
4.9
70.56
-69.58
-0.98
3.92
70.56
-69.58
0
0.98
1.96
2.94
69.58
-69.58
69.58
-68.6
69.58
-68.6
69.58
-68.6
69.58
-67.62
69.58
-67.62
69.58
-67.62
69.58
-67.62
69.58
-67.62
68.6
-66.64
68.6
-66.64
68.6
-66.64
67.62
-66.64
67.62
-66.64
66.64
-65.66
66.64
-65.66
66.64
-64.68
65.66
-64.68
65.66
-63.7
65.66
-63.7
65.66
-62.72
65.66
-62.72
65.66
-62.72
64.68
-61.74
64.68
-61.74
63.7
-61.74
-2.94
-1.96
-0.98
0
0.98
1.96
2.94
3.92
4.9
63.7
-61.74
-3.92
5.88
63.7
-61.74
-4.9
5.88
62.72
-60.76
-4.9
6.86
62.72
-60.76
-5.88
6.86
62.72
-59.78
-5.88
6.86
61.74
-59.78
-5.88
6.86
61.74
-58.8
-5.88
6.86
60.76
-58.8
-5.88
6.86
60.76
-58.8
-5.88
6.86
60.76
-57.82
-5.88
6.86
60.76
-57.82
-5.88
6.86
60.76
-57.82
-5.88
6.86
60.76
-57.82
-5.88
6.86
59.78
-56.84
-4.9
6.86
59.78
-56.84
-3.92
-2.94
-1.96
-0.98
0
0.98
1.96
2.94
3.92
4.9
5.88
59.78
-56.84
59.78
-56.84
59.78
-56.84
58.8
-56.84
58.8
-56.84
57.82
-56.84
57.82
-56.84
57.82
-56.84
57.82
-56.84
57.82
-56.84
57.82
-56.84
57.82
-56.84
57.82
-56.84
57.82
-56.84
57.82
-55.86
57.82
-55.86
57.82
-55.86
56.84
-55.86
56.84
-55.86
56.84
-54.88
55.86
-54.88
55.86
-53.9
55.86
-53.9
54.88
-52.92
54.88
-52.92
54.88
-51.94
53.9
-50.96
53.9
-49.98
52.92
-49.98
52.92
-49
51.94
-48.02
51.94
-48.02
50.96
-47.04
50.96
-46.06
49.98
-46.06
49
-45.08
48.02
-44.1
47.04
-43.12
45.08
46.06
-42.14
44.1
-42.14
43.12
-41.16
42.14
-40.18
42.14
-39.2
41.16
-38.22
-37.24
40.18
-36.26
-35.28
40.18
-34.3
-33.32
39.2
-32.34
-31.36
38.22
-30.38
35.28
36.26
37.24
-29.4
31.36
32.34
33.32
34.3
-28.42
0
0.98
1.96
29.4
30.38
-27.44
-1.96
-0.98
2.94
28.42
-26.46
-25.48
-2.94
3.92
26.46
27.44
-24.5
-23.52
-22.54
-21.56
-3.92
4.9
25.48
-20.58
-19.6
-18.62
-17.64
-4.9
5.88
23.52
24.5
-16.66
-15.68
-14.7
-13.72
-12.74
-8.82
-7.84
-6.86
-5.88
6.86
20.58
21.56
22.54
-11.76
-10.78
-9.8
7.84
8.82
17.64
18.62
19.6
9.8
10.78
11.76
12.74
13.72
14.7
15.68
16.66
-11.76
-10.78
-9.8
-8.82
-7.84
-6.86
-5.88
-18.62
-17.64
-16.66
-15.68
-14.7
-13.72
-12.74
-4.9
-3.92
10.78
11.76
12.74
13.72
14.7
15.68
16.66
17.64
18.62
-21.56
-20.58
-19.6
-2.94
9.8
19.6
20.58
-23.52
-22.54
-1.96
7.84
8.82
21.56
22.54
-24.5
-0.98
6.86
23.52
24.5
25.48
-26.46
-25.48
0
0.98
5.88
26.46
27.44
-28.42
-27.44
1.96
2.94
3.92
4.9
28.42
29.4
-30.38
-29.4
30.38
31.36
-31.36
32.34
-33.32
-32.34
33.32
34.3
-35.28
-34.3
35.28
-37.24
-36.26
36.26
-39.2
-38.22
37.24
-41.16
-40.18
38.22
-42.14
39.2
-43.12
40.18
-44.1
41.16
-45.08
42.14
-46.06
43.12
44.1
-47.04
45.08
-48.02
46.06
-48.02
47.04
-49
48.02
-49.98
49
-50.96
49
-50.96
49.98
-51.94
50.96
-52.92
51.94
-52.92
51.94
-52.92
52.92
-53.9
53.9
-53.9
53.9
-54.88
54.88
-54.88
54.88
-55.86
55.86
-55.86
55.86
-56.84
56.84
-56.84
56.84
-57.82
57.82
-57.82
57.82
-58.8
58.8
-58.8
58.8
-59.78
59.78
-60.76
59.78
-61.74
0.98
60.76
-62.72
0
1.96
60.76
-62.72
-0.98
2.94
61.74
-63.7
-0.98
3.92
62.72
-64.68
-1.96
4.9
63.7
-64.68
-2.94
4.9
63.7
-65.66
-2.94
5.88
64.68
-65.66
-2.94
5.88
64.68
-65.66
-3.92
5.88
65.66
-66.64
-3.92
5.88
65.66
-66.64
-4.9
5.88
65.66
-66.64
-27.44
-26.46
-4.9
5.88
66.64
-66.64
-28.42
-25.48
-4.9
5.88
66.64
-67.62
-29.4
-24.5
-4.9
4.9
66.64
-67.62
-29.4
-23.52
-4.9
4.9
67.62
-67.62
-29.4
-23.52
-4.9
3.92
67.62
-67.62
-29.4
-22.54
-4.9
2.94
28.42
68.6
-67.62
-29.4
-21.56
-4.9
2.94
26.46
27.44
29.4
68.6
-67.62
-28.42
-21.56
-3.92
1.96
25.48
30.38
69.58
-68.6
-28.42
-21.56
-3.92
0.98
24.5
30.38
69.58
-68.6
-27.44
-21.56
-2.94
-1.96
-0.98
0
0.98
24.5
30.38
70.56
-68.6
-26.46
-21.56
-0.98
0
23.52
30.38
70.56
-69.58
-25.48
-22.54
-21.56
23.52
30.38
70.56
-69.58
-24.5
-23.52
-22.54
23.52
30.38
71.54
-69.58
23.52
29.4
71.54
-69.58
23.52
29.4
71.54
-69.58
24.5
25.48
26.46
27.44
28.42
71.54
-69.58
71.54
-69.58
71.54
-69.58
71.54
-69.58
71.54
-70.56
71.54
-70.56
-0.98
0
0.98
1.96
2.94
71.54
-70.56
-1.96
-0.98
3.92
4.9
71.54
-70.56
-2.94
5.88
71.54
-70.56
-3.92
6.86
71.54
-70.56
-3.92
6.86
71.54
-69.58
-3.92
6.86
71.54
-69.58
-3.92
6.86
71.54
-69.58
-2.94
5.88
71.54
-69.58
-1.96
4.9
70.56
-69.58
-1.96
4.9
70.56
-69.58
-0.98
0
2.94
3.92
70.56
-68.6
0.98
1.96
69.58
-68.6
69.58
-68.6
69.58
-67.62
69.58
-67.62
69.58
-67.62
69.58
-66.64
69.58
-66.64
69.58
-66.64
69.58
-66.64
68.6
-66.64
68.6
-66.64
67.62
-66.64
67.62
-66.64
66.64
-65.66
66.64
-65.66
66.64
-65.66
66.64
-64.68
66.64
-64.68
66.64
-63.7
66.64
-63.7
65.66
-62.72
65.66
-62.72
65.66
-62.72
64.68
-61.74
1.96
2.94
3.92
64.68
-61.74
-3.92
-2.94
-1.96
-0.98
0
0.98
4.9
5.88
63.7
-61.74
-4.9
6.86
63.7
-61.74
-5.88
6.86
63.7
-61.74
-5.88
6.86
62.72
-60.76
-5.88
6.86
62.72
-60.76
-5.88
6.86
62.72
-59.78
-5.88
6.86
61.74
-59.78
-5.88
6.86
61.74
-58.8
-5.88
6.86
61.74
-58.8
-5.88
6.86
60.76
-58.8
-5.88
6.86
60.76
-57.82
-5.88
6.86
60.76
-57.82
-5.88
6.86
60.76
-57.82
-5.88
6.86
60.76
-57.82
-4.9
6.86
60.76
-57.82
-3.92
-2.94
-1.96
-0.98
0
0.98
1.96
2.94
4.9
5.88
59.78
-56.84
3.92
59.78
-56.84
59.78
-56.84
58.8
-56.84
58.8
-56.84
58.8
-56.84
57.82
-56.84
57.82
-56.84
57.82
-56.84
57.82
-56.84
57.82
-56.84
57.82
-56.84
57.82
-56.84
57.82
-56.84
57.82
-55.86
57.82
-55.86
57.82
-55.86
57.82
-55.86
56.84
-54.88
56.84
-54.88
55.86
-54.88
55.86
-53.9
55.86
-53.9
54.88
-52.92
54.88
-51.94
53.9
-51.94
53.9
-50.96
52.92
-49.98
52.92
-49
52.92
-49
51.94
-48.02
51.94
-48.02
50.96
-47.04
49.98
-46.06
49.98
-45.08
49
-45.08
48.02
-44.1
46.06
47.04
-43.12
45.08
-42.14
44.1
-42.14
43.12
-41.16
42.14
-40.18
41.16
-39.2
41.16
-38.22
-37.24
40.18
-36.26
-35.28
39.2
-34.3
-33.32
39.2
-32.34
-31.36
38.22
-30.38
35.28
36.26
37.24
-29.4
0
0.98
1.96
31.36
32.34
33.32
34.3
-28.42
-0.98
2.94
30.38
-27.44
-1.96
3.92
28.42
29.4
-26.46
-2.94
3.92
27.44
-25.48
-24.5
-23.52
-22.54
-3.92
4.9
25.48
26.46
-21.56
-20.58
-19.6
-18.62
-17.64
-5.88
-4.9
5.88
23.52
24.5
-16.66
-15.68
-14.7
-13.72
-8.82
-7.84
-6.86
6.86
21.56
22.54
-12.74
-11.76
-10.78
-9.8
7.84
8.82
18.62
19.6
20.58
9.8
10.78
11.76
12.74
13.72
14.7
15.68
16.66
17.64
-11.76
-10.78
-9.8
-8.82
-7.84
-6.86
-17.64
-16.66
-15.68
-14.7
-13.72
-12.74
-5.88
-4.9
-3.92
10.78
11.76
12.74
13.72
14.7
15.68
16.66
17.64
18.62
-20.58
-19.6
-18.62
-2.94
9.8
19.6
20.58
-22.54
-21.56
-1.96
7.84
8.82
21.56
22.54
-24.5
-23.52
-0.98
6.86
23.52
24.5
25.48
-26.46
-25.48
0
5.88
26.46
27.44
-27.44
0.98
1.96
2.94
3.92
4.9
28.42
29.4
-29.4
-28.42
30.38
-31.36
-30.38
31.36
32.34
-33.32
-32.34
33.32
-35.28
-34.3
34.3
35.28
-37.24
-36.26
36.26
-39.2
-38.22
37.24
-41.16
-40.18
38.22
-42.14
39.2
-43.12
40.18
-44.1
41.16
-45.08
42.14
-46.06
43.12
44.1
-47.04
45.08
-48.02
46.06
-48.02
47.04
-49
48.02
-49.98
48.02
-50.96
49
-50.96
49.98
-51.94
50.96
-52.92
50.96
-52.92
51.94
-52.92
52.92
-53.9
52.92
-53.9
53.9
-54.88
54.88
-54.88
54.88
-55.86
55.86
-55.86
55.86
-56.84
56.84
-56.84
56.84
-56.84
57.82
-57.82
57.82
-58.8
58.8
-58.8
58.8
-59.78
59.78
-60.76
59.78
-61.74
60.76
-61.74
0.98
60.76
-62.72
0
1.96
61.74
-63.7
-0.98
2.94
62.72
-63.7
-0.98
3.92
62.72
-64.68
-1.96
4.9
63.7
-64.68
-2.94
4.9
64.68
-65.66
-2.94
4.9
64.68
-65.66
-2.94
5.88
65.66
-66.64
-3.92
5.88
65.66
-66.64
-3.92
5.88
65.66
-66.64
-27.44
-26.46
-4.9
5.88
66.64
-66.64
-28.42
-25.48
-4.9
4.9
66.64
-66.64
-28.42
-24.5
-4.9
4.9
66.64
-67.62
-29.4
-23.52
-4.9
3.92
67.62
-67.62
-29.4
-22.54
-4.9
3.92
67.62
-67.62
-28.42
-21.56
-4.9
2.94
68.6
-67.62
-28.42
-21.56
-3.92
1.96
27.44
28.42
68.6
-67.62
-28.42
-20.58
-3.92
1.96
25.48
26.46
29.4
69.58
-68.6
-28.42
-20.58
-2.94
-1.96
0
0.98
24.5
30.38
69.58
-68.6
-27.44
-20.58
-0.98
23.52
30.38
70.56
-68.6
-26.46
-20.58
23.52
30.38
70.56
-69.58
-26.46
-20.58
22.54
30.38
70.56
-69.58
-25.48
-24.5
-21.56
-20.58
22.54
30.38
71.54
-69.58
-23.52
-22.54
-21.56
22.54
29.4
71.54
-69.58
22.54
29.4
71.54
-69.58
22.54
23.52
28.42
71.54
-69.58
23.52
24.5
25.48
26.46
27.44
71.54
-69.58
71.54
-69.58
71.54
-69.58
71.54
-69.58
71.54
-69.58
71.54
-70.56
-0.98
0
0.98
1.96
2.94
3.92
71.54
-70.56
-1.96
4.9
71.54
-70.56
-2.94
5.88
71.54
-70.56
-3.92
6.86
71.54
-69.58
-3.92
6.86
71.54
-69.58
-3.92
6.86
71.54
-69.58
-2.94
5.88
71.54
-69.58
-2.94
5.88
71.54
-69.58
-1.96
4.9
70.56
-68.6
-0.98
3.92
70.56
-68.6
0
0.98
1.96
2.94
70.56
-68.6
70.56
-67.62
70.56
-67.62
69.58
-66.64
69.58
-66.64
69.58
-66.64
69.58
-66.64
69.58
-66.64
69.58
-66.64
68.6
-66.64
68.6
-66.64
67.62
-66.64
67.62
-66.64
67.62
-65.66
67.62
-65.66
67.62
-65.66
66.64
-64.68
66.64
-64.68
66.64
-64.68
66.64
-63.7
66.64
-63.7
65.66
-62.72
65.66
-62.72
65.66
-62.72
-3.92
-2.94
-1.96
-0.98
0
0.98
1.96
2.94
3.92
4.9
5.88
64.68
-62.72
-4.9
6.86
64.68
-61.74
-5.88
6.86
64.68
-61.74
-5.88
6.86
63.7
-61.74
-5.88
7.84
63.7
-61.74
-5.88
7.84
63.7
-60.76
-5.88
7.84
62.72
-60.76
-5.88
7.84
62.72
-59.78
-5.88
7.84
62.72
-59.78
-5.88
7.84
61.74
-58.8
-6.86
7.84
61.74
-58.8
-6.86
7.84
60.76
-58.8
-6.86
7.84
60.76
-57.82
-6.86
7.84
60.76
-57.82
-5.88
7.84
60.76
-57.82
-5.88
6.86
60.76
-57.82
-4.9
-3.92
-2.94
-1.96
-0.98
0
0.98
1.96
2.94
3.92
4.9
5.88
60.76
-57.82
59.78
-57.82
59.78
-57.82
59.78
-57.82
58.8
-57.82
58.8
-57.82
58.8
-57.82
57.82
-56.84
57.82
-56.84
57.82
-56.84
57.82
-56.84
57.82
-56.84
57.82
-56.84
57.82
-56.84
57.82
-55.86
57.82
-55.86
57.82
-55.86
57.82
-55.86
57.82
-54.88
56.84
-54.88
56.84
-54.88
55.86
-53.9
55.86
-53.9
54.88
-52.92
54.88
-51.94
53.9
-50.96
53.9
-50.96
52.92
-49.98
52.92
-49
51.94
-49
51.94
-48.02
50.96
-48.02
50.96
-47.04
49.98
-46.06
49
-45.08
49
-44.1
47.04
48.02
-44.1
46.06
-43.12
45.08
-42.14
43.12
44.1
-42.14
42.14
-41.16
41.16
-40.18
41.16
-39.2
40.18
-38.22
-37.24
40.18
-36.26
-35.28
39.2
-34.3
-33.32
38.22
-32.34
37.24
-31.36
-30.38
0.98
1.96
35.28
36.26
-29.4
0
2.94
32.34
33.32
34.3
-28.42
-0.98
2.94
30.38
31.36
-28.42
-27.44
-1.96
3.92
28.42
29.4
-26.46
-2.94
4.9
27.44
-25.48
-24.5
-23.52
-3.92
4.9
25.48
26.46
-22.54
-21.56
-20.58
-19.6
-18.62
-5.88
-4.9
5.88
23.52
24.5
-17.64
-16.66
-15.68
-14.7
-13.72
-8.82
-7.84
-6.86
6.86
21.56
22.54
-12.74
-11.76
-10.78
-9.8
7.84
8.82
18.62
19.6
20.58
9.8
10.78
11.76
12.74
13.72
14.7
15.68
16.66
17.64
-10.78
-9.8
-8.82
-7.84
-6.86
-16.66
-15.68
-14.7
-13.72
-12.74
-11.76
-5.88
-4.9
-3.92
11.76
12.74
13.72
14.7
15.68
16.66
17.64
-20.58
-19.6
-18.62
-17.64
-2.94
9.8
10.78
18.62
19.6
20.58
-22.54
-21.56
-1.96
8.82
21.56
22.54
-24.5
-23.52
-0.98
7.84
23.52
24.5
-25.48
0
5.88
6.86
25.48
26.46
27.44
-27.44
-26.46
0.98
1.96
4.9
28.42
29.4
-29.4
-28.42
2.94
3.92
30.38
-31.36
-30.38
31.36
32.34
-32.34
33.32
-34.3
-33.32
34.3
-36.26
-35.28
35.28
36.26
-38.22
-37.24
37.24
-40.18
-39.2
37.24
-42.14
-41.16
38.22
-43.12
39.2
-44.1
40.18
-45.08
41.16
42.14
-46.06
43.12
-47.04
44.1
-47.04
45.08
-48.02
46.06
-49
47.04
-49.98
48.02
-50.96
49
-50.96
49.98
-51.94
49.98
-51.94
50.96
-52.92
51.94
-52.92
52.92
-53.9
52.92
-53.9
53.9
-54.88
53.9
-54.88
54.88
-54.88
55.86
-55.86
55.86
-55.86
56.84
-56.84
56.84
-56.84
57.82
-57.82
57.82
-57.82
58.8
-58.8
58.8
-59.78
59.78
-60.76
59.78
-61.74
60.76
-61.74
60.76
-62.72
0.98
61.74
-63.7
0
0.98
1.96
62.72
-63.7
-0.98
2.94
62.72
-64.68
-0.98
3.92
63.7
-64.68
-1.96
3.92
64.68
-65.66
-2.94
4.9
64.68
-65.66
-2.94
4.9
65.66
-65.66
-2.94
4.9
65.66
-66.64
-3.92
4.9
65.66
-66.64
-3.92
4.9
66.64
-66.64
-27.44
-26.46
-25.48
-3.92
4.9
66.64
-66.64
-28.42
-24.5
-4.9
3.92
66.64
-67.62
-28.42
-23.52
-4.9
3.92
67.62
-67.62
-28.42
-22.54
-4.9
2.94
67.62
-67.62
-28.42
-21.56
-3.92
2.94
68.6
-67.62
-28.42
-20.58
-3.92
1.96
68.6
-68.6
-28.42
-20.58
-2.94
0.98
26.46
27.44
28.42
69.58
-68.6
-27.44
-19.6
-1.96
-0.98
0
24.5
25.48
29.4
69.58
-68.6
-27.44
-19.6
23.52
29.4
70.56
-69.58
-26.46
-19.6
23.52
30.38
70.56
-69.58
-26.46
-19.6
22.54
29.4
70.56
-69.58
-25.48
-19.6
21.56
29.4
71.54
-69.58
-24.5
-20.58
-19.6
21.56
29.4
71.54
-69.58
-23.52
-22.54
-21.56
-20.58
-19.6
21.56
29.4
71.54
-69.58
21.56
28.42
71.54
-69.58
21.56
22.54
26.46
27.44
71.54
-69.58
23.52
24.5
25.48
71.54
-69.58
71.54
-69.58
71.54
-69.58
71.54
-69.58
71.54
-69.58
71.54
-69.58
-0.98
0
0.98
1.96
2.94
3.92
4.9
71.54
-69.58
-1.96
5.88
71.54
-69.58
-2.94
6.86
71.54
-69.58
-3.92
6.86
71.54
-69.58
-2.94
6.86
71.54
-69.58
-2.94
5.88
71.54
-69.58
-2.94
5.88
71.54
-68.6
-1.96
4.9
71.54
-68.6
-0.98
3.92
70.56
-68.6
0
0.98
1.96
2.94
70.56
-67.62
70.56
-67.62
70.56
-66.64
70.56
-66.64
70.56
-66.64
69.58
-66.64
69.58
-66.64
69.58
-66.64
69.58
-66.64
68.6
-66.64
68.6
-66.64
68.6
-66.64
67.62
-66.64
67.62
-66.64
67.62
-65.66
67.62
-65.66
67.62
-65.66
67.62
-64.68
67.62
-64.68
66.64
-63.7
66.64
-63.7
66.64
-63.7
66.64
-62.72
-3.92
-2.94
-1.96
-0.98
0
0.98
1.96
2.94
3.92
4.9
65.66
-62.72
-4.9
5.88
65.66
-62.72
-5.88
6.86
64.68
-62.72
-5.88
7.84
64.68
-62.72
-5.88
7.84
64.68
-61.74
-6.86
7.84
64.68
-61.74
-6.86
7.84
63.7
-61.74
-6.86
7.84
63.7
-60.76
-6.86
7.84
63.7
-60.76
-6.86
7.84
62.72
-59.78
-6.86
7.84
62.72
-59.78
-6.86
7.84
61.74
-58.8
-6.86
7.84
61.74
-58.8
-6.86
7.84
61.74
-58.8
-6.86
7.84
60.76
-57.82
-5.88
7.84
60.76
-57.82
-4.9
6.86
60.76
-57.82
-3.92
-2.94
-1.96
-0.98
0
0.98
1.96
2.94
3.92
4.9
5.88
60.76
-57.82
60.76
-57.82
59.78
-57.82
59.78
-57.82
59.78
-57.82
58.8
-57.82
58.8
-57.82
58.8
-57.82
57.82
-56.84
57.82
-56.84
57.82
-56.84
57.82
-56.84
57.82
-56.84
57.82
-56.84
57.82
-55.86
57.82
-55.86
57.82
-55.86
57.82
-54.88
57.82
-54.88
56.84
-54.88
56.84
-53.9
55.86
-53.9
55.86
-52.92
54.88
-52.92
53.9
-51.94
53.9
-50.96
52.92
-49.98
52.92
-49.98
51.94
-49
51.94
-48.02
50.96
-48.02
50.96
-47.04
49.98
-47.04
49.98
-46.06
49
-45.08
48.02
-44.1
47.04
-43.12
46.06
-43.12
44.1
45.08
-42.14
43.12
-42.14
42.14
-41.16
41.16
-40.18
40.18
-39.2
40.18
-38.22
-37.24
39.2
-36.26
39.2
-35.28
-34.3
38.22
-33.32
-32.34
37.24
-31.36
0
0.98
1.96
34.3
35.28
36.26
-30.38
-0.98
2.94
32.34
33.32
-29.4
-0.98
3.92
30.38
31.36
-28.42
-27.44
-1.96
3.92
28.42
29.4
-26.46
-2.94
4.9
27.44
-25.48
-24.5
-23.52
-3.92
5.88
25.48
26.46
-22.54
-21.56
-20.58
-19.6
-18.62
-5.88
-4.9
5.88
23.52
24.5
-17.64
-16.66
-15.68
-14.7
-13.72
-8.82
-7.84
-6.86
6.86
7.84
21.56
22.54
-12.74
-11.76
-10.78
-9.8
8.82
9.8
17.64
18.62
19.6
20.58
10.78
11.76
12.74
13.72
14.7
15.68
16.66
-10.78
-9.8
-8.82
-7.84
-15.68
-14.7
-13.72
-12.74
-11.76
-6.86
-5.88
-4.9
11.76
12.74
13.72
14.7
15.68
16.66
17.64
-19.6
-18.62
-17.64
-16.66
-3.92
-2.94
9.8
10.78
18.62
19.6
20.58
-21.56
-20.58
-1.96
8.82
21.56
22.54
-23.52
-22.54
-0.98
7.84
23.52
24.5
-25.48
-24.5
0
6.86
25.48
26.46
-27.44
-26.46
0.98
1.96
4.9
5.88
27.44
28.42
-28.42
2.94
3.92
29.4
30.38
-30.38
-29.4
31.36
-32.34
-31.36
32.34
33.32
-34.3
-33.32
34.3
-36.26
-35.28
35.28
-38.22
-37.24
36.26
-40.18
-39.2
37.24
-41.16
38.22
-43.12
-42.14
39.2
-44.1
40.18
-45.08
41.16
-46.06
42.14
43.12
-46.06
44.1
-47.04
45.08
-48.02
46.06
-49
47.04
-49.98
48.02
-49.98
49
-50.96
49
-51.94
49.98
-51.94
50.96
-52.92
51.94
-52.92
51.94
-53.9
52.92
-53.9
53.9
-53.9
53.9
-54.88
54.88
-54.88
54.88
-55.86
55.86
-55.86
56.84
-56.84
56.84
-56.84
57.82
-57.82
57.82
-57.82
58.8
-58.8
58.8
-59.78
59.78
-60.76
59.78
-60.76
60.76
-61.74
60.76
-62.72
61.74
-63.7
61.74
-63.7
0
0.98
1.96
62.72
-64.68
-0.98
2.94
63.7
-64.68
-0.98
3.92
63.7
-65.66
-1.96
3.92
64.68
-65.66
-2.94
4.9
64.68
-65.66
-2.94
4.9
65.66
-66.64
-2.94
4.9
65.66
-66.64
-3.92
4.9
65.66
-66.64
-3.92
3.92
66.64
-66.64
-27.44
-26.46
-25.48
-24.5
-3.92
3.92
66.64
-67.62
-27.44
-23.52
-3.92
3.92
66.64
-67.62
-27.44
-22.54
-3.92
2.94
67.62
-67.62
-27.44
-21.56
-3.92
1.96
68.6
-67.62
-27.44
-20.58
-2.94
0.98
68.6
-68.6
-27.44
-20.58
-1.96
-0.98
0
26.46
27.44
69.58
-68.6
-27.44
-19.6
25.48
28.42
69.58
-68.6
-26.46
-19.6
23.52
24.5
29.4
70.56
-69.58
-26.46
-18.62
22.54
29.4
70.56
-69.58
-26.46
-18.62
22.54
29.4
70.56
-69.58
-25.48
-18.62
21.56
29.4
71.54
-69.58
-24.5
-18.62
-17.64
20.58
29.4
71.54
-69.58
-23.52
-18.62
-17.64
20.58
28.42
71.54
-69.58
-22.54
-21.56
-20.58
-19.6
-18.62
-17.64
20.58
28.42
71.54
-69.58
-20.58
-19.6
-18.62
20.58
27.44
71.54
-69.58
20.58
21.56
22.54
25.48
26.46
71.54
-69.58
23.52
24.5
71.54
-69.58
71.54
-69.58
71.54
-69.58
71.54
-69.58
71.54
-69.58
0
0.98
1.96
2.94
3.92
71.54
-69.58
-1.96
-0.98
4.9
71.54
-69.58
-2.94
5.88
71.54
-69.58
-2.94
6.86
71.54
-69.58
-2.94
6.86
71.54
-69.58
-2.94
5.88
71.54
-68.6
-2.94
5.88
71.54
-68.6
-1.96
4.9
71.54
-68.6
-0.98
3.92
71.54
-67.62
0
2.94
70.56
-66.64
0.98
1.96
70.56
-66.64
70.56
-66.64
70.56
-66.64
70.56
-66.64
69.58
-66.64
69.58
-66.64
69.58
-66.64
69.58
-66.64
68.6
-66.64
68.6
-66.64
68.6
-66.64
68.6
-66.64
68.6
-66.64
67.62
-65.66
67.62
-65.66
67.62
-65.66
67.62
-65.66
67.62
-64.68
67.62
-64.68
67.62
-63.7
66.64
-63.7
-3.92
-2.94
-1.96
2.94
3.92
4.9
66.64
-63.7
-4.9
-0.98
0
0.98
1.96
5.88
66.64
-63.7
-5.88
6.86
65.66
-62.72
-5.88
7.84
65.66
-62.72
-6.86
7.84
65.66
-62.72
-6.86
7.84
64.68
-62.72
-6.86
7.84
64.68
-61.74
-6.86
7.84
64.68
-61.74
-6.86
7.84
63.7
-60.76
-6.86
7.84
63.7
-60.76
-6.86
7.84
63.7
-59.78
-6.86
7.84
62.72
-59.78
-6.86
7.84
62.72
-59.78
-6.86
7.84
61.74
-58.8
-6.86
7.84
61.74
-58.8
-6.86
7.84
61.74
-58.8
-5.88
7.84
61.74
-57.82
-4.9
-3.92
-2.94
-1.96
-0.98
0
0.98
1.96
2.94
3.92
5.88
6.86
60.76
-57.82
4.9
60.76
-57.82
60.76
-57.82
60.76
-57.82
59.78
-57.82
59.78
-57.82
59.78
-57.82
58.8
-57.82
58.8
-57.82
58.8
-56.84
57.82
-56.84
57.82
-56.84
57.82
-56.84
57.82
-56.84
57.82
-55.86
57.82
-55.86
57.82
-55.86
57.82
-55.86
57.82
-54.88
57.82
-54.88
57.82
-53.9
56.84
-53.9
55.86
-53.9
55.86
-52.92
54.88
-51.94
53.9
-51.94
53.9
-50.96
52.92
-49.98
51.94
-49
51.94
-49
50.96
-48.02
50.96
-48.02
49.98
-47.04
49.98
-46.06
49
-45.08
49
-45.08
48.02
-44.1
47.04
-43.12
45.08
46.06
-43.12
44.1
-42.14
43.12
-41.16
42.14
-41.16
41.16
-40.18
40.18
-39.2
39.2
-38.22
-37.24
39.2
-36.26
38.22
-35.28
-34.3
38.22
-33.32
-32.34
36.26
37.24
-31.36
0
0.98
1.96
2.94
34.3
35.28
-30.38
-0.98
3.92
32.34
33.32
-29.4
-0.98
3.92
30.38
31.36
-28.42
-27.44
-1.96
4.9
28.42
29.4
-26.46
-2.94
4.9
27.44
-25.48
-24.5
-23.52
-22.54
-3.92
5.88
25.48
26.46
-21.56
-20.58
-19.6
-18.62
-17.64
-5.88
-4.9
6.86
23.52
24.5
-16.66
-15.68
-14.7
-13.72
-12.74
-9.8
-8.82
-7.84
-6.86
7.84
20.58
21.56
22.54
-11.76
-10.78
8.82
9.8
15.68
16.66
17.64
18.62
19.6
10.78
11.76
12.74
13.72
14.7
-9.8
-8.82
-7.84
-14.7
-13.72
-12.74
-11.76
-10.78
-6.86
-5.88
-4.9
12.74
13.72
14.7
15.68
16.66
-18.62
-17.64
-16.66
-15.68
-3.92
-2.94
9.8
10.78
11.76
17.64
18.62
19.6
-21.56
-20.58
-19.6
-1.96
8.82
20.58
21.56
22.54
-23.52
-22.54
-0.98
7.84
23.52
24.5
-25.48
-24.5
0
6.86
25.48
26.46
-26.46
0.98
4.9
5.88
27.44
28.42
-28.42
-27.44
1.96
2.94
3.92
29.4
30.38
-30.38
-29.4
31.36
-31.36
32.34
-33.32
-32.34
33.32
34.3
-35.28
-34.3
35.28
-37.24
-36.26
36.26
-39.2
-38.22
37.24
-41.16
-40.18
38.22
-42.14
38.22
-44.1
-43.12
39.2
40.18
-45.08
41.16
-45.08
42.14
-46.06
43.12
44.1
-47.04
45.08
-48.02
46.06
-49
47.04
-49
47.04
-49.98
48.02
-50.96
49
-51.94
49.98
-51.94
50.96
-52.92
50.96
-52.92
51.94
-52.92
52.92
-53.9
53.9
-53.9
53.9
-54.88
54.88
-54.88
54.88
-54.88
55.86
-55.86
56.84
-55.86
56.84
-56.84
57.82
-57.82
57.82
-57.82
58.8
-58.8
58.8
-59.78
59.78
-60.76
59.78
-60.76
60.76
-61.74
60.76
-62.72
61.74
-63.7
61.74
-63.7
62.72
-64.68
0
0.98
1.96
63.7
-64.68
-0.98
2.94
63.7
-65.66
-1.96
3.92
64.68
-65.66
-1.96
3.92
64.68
-65.66
-2.94
3.92
64.68
-65.66
-2.94
3.92
65.66
-66.64
-2.94
3.92
65.66
-66.64
-3.92
3.92
66.64
-66.64
-3.92
3.92
66.64
-67.62
-26.46
-25.48
-24.5
-23.52
-3.92
2.94
66.64
-67.62
-26.46
-22.54
-3.92
2.94
67.62
-67.62
-27.44
-21.56
-2.94
1.96
68.6
-67.62
-27.44
-20.58
-1.96
0
0.98
68.6
-68.6
-26.46
-20.58
-0.98
69.58
-68.6
-26.46
-19.6
25.48
26.46
27.44
69.58
-68.6
-26.46
-18.62
24.5
28.42
70.56
-69.58
-26.46
-18.62
22.54
23.52
28.42
70.56
-69.58
-25.48
-17.64
21.56
28.42
70.56
-69.58
-25.48
-17.64
21.56
28.42
70.56
-69.58
-24.5
-16.66
20.58
28.42
71.54
-69.58
-24.5
-16.66
19.6
28.42
71.54
-69.58
-23.52
-16.66
19.6
28.42
71.54
-69.58
-22.54
-21.56
-17.64
-16.66
19.6
27.44
71.54
-69.58
-20.58
-19.6
-18.62
-17.64
-16.66
19.6
26.46
71.54
-69.58
19.6
20.58
21.56
22.54
23.52
24.5
25.48
71.54
-69.58
71.54
-69.58
71.54
-69.58
71.54
-69.58
71.54
-69.58
1.96
71.54
-69.58
-0.98
0
0.98
2.94
3.92
4.9
71.54
-69.58
-1.96
5.88
71.54
-69.58
-2.94
6.86
71.54
-69.58
-2.94
6.86
71.54
-68.6
-2.94
5.88
71.54
-68.6
-2.94
5.88
71.54
-67.62
-1.96
4.9
71.54
-67.62
-1.96
4.9
71.54
-66.64
-0.98
0
2.94
3.92
71.54
-66.64
0.98
1.96
70.56
-65.66
70.56
-65.66
70.56
-65.66
70.56
-65.66
69.58
-66.64
69.58
-66.64
69.58
-66.64
69.58
-66.64
68.6
-66.64
68.6
-66.64
68.6
-66.64
68.6
-66.64
68.6
-66.64
68.6
-66.64
68.6
-65.66
68.6
-65.66
67.62
-65.66
67.62
-64.68
67.62
-64.68
67.62
-64.68
-3.92
-2.94
3.92
4.9
67.62
-63.7
-4.9
-1.96
-0.98
0
0.98
1.96
2.94
5.88
66.64
-63.7
-5.88
6.86
66.64
-63.7
-6.86
7.84
66.64
-63.7
-6.86
7.84
65.66
-62.72
-6.86
7.84
65.66
-62.72
-6.86
8.82
65.66
-62.72
-6.86
8.82
65.66
-62.72
-6.86
8.82
64.68
-61.74
-6.86
8.82
64.68
-61.74
-6.86
7.84
64.68
-60.76
-6.86
7.84
63.7
-60.76
-6.86
7.84
63.7
-59.78
-6.86
7.84
62.72
-59.78
-6.86
7.84
62.72
-59.78
-6.86
7.84
61.74
-58.8
-6.86
7.84
61.74
-58.8
-5.88
-4.9
-3.92
-2.94
-1.96
-0.98
0
0.98
1.96
6.86
61.74
-58.8
2.94
3.92
4.9
5.88
61.74
-57.82
60.76
-57.82
60.76
-57.82
60.76
-57.82
60.76
-57.82
59.78
-57.82
59.78
-57.82
58.8
-57.82
58.8
-57.82
58.8
-56.84
58.8
-56.84
58.8
-56.84
58.8
-56.84
58.8
-56.84
58.8
-55.86
58.8
-55.86
58.8
-55.86
58.8
-54.88
57.82
-54.88
57.82
-54.88
57.82
-53.9
56.84
-53.9
56.84
-52.92
55.86
-52.92
54.88
-51.94
53.9
-50.96
52.92
-50.96
52.92
-49.98
51.94
-49
51.94
-48.02
50.96
-48.02
50.96
-47.04
49.98
-47.04
49.98
-46.06
49
-45.08
48.02
-44.1
48.02
-44.1
47.04
-43.12
45.08
46.06
-43.12
44.1
-42.14
43.12
-41.16
42.14
-41.16
41.16
-40.18
40.18
-39.2
39.2
-38.22
-37.24
39.2
-36.26
-35.28
38.22
-34.3
37.24
-33.32
-32.34
36.26
-31.36
0
0.98
1.96
2.94
34.3
35.28
-30.38
-0.98
3.92
32.34
33.32
-29.4
-28.42
-0.98
3.92
30.38
31.36
-27.44
-1.96
4.9
28.42
29.4
-26.46
-25.48
-2.94
4.9
26.46
27.44
-24.5
-23.52
-22.54
-21.56
-3.92
5.88
24.5
25.48
-20.58
-19.6
-18.62
-17.64
-16.66
-5.88
-4.9
6.86
22.54
23.52
-15.68
-14.7
-13.72
-12.74
-11.76
-10.78
-9.8
-8.82
-7.84
-6.86
7.84
19.6
20.58
21.56
8.82
9.8
10.78
11.76
12.74
13.72
14.7
15.68
16.66
17.64
18.62
-14.7
-13.72
-12.74
-11.76
-10.78
-9.8
-8.82
-7.84
-6.86
-5.88
-4.9
-17.64
-16.66
-15.68
-3.92
10.78
11.76
12.74
13.72
14.7
15.68
16.66
17.64
18.62
19.6
-20.58
-19.6
-18.62
-2.94
-1.96
8.82
9.8
20.58
21.56
-23.52
-22.54
-21.56
-0.98
7.84
22.54
23.52
24.5
-24.5
0
6.86
25.48
26.46
-26.46
-25.48
0.98
5.88
27.44
28.42
-28.42
-27.44
1.96
2.94
3.92
4.9
29.4
-29.4
30.38
31.36
-31.36
-30.38
32.34
-32.34
33.32
-34.3
-33.32
34.3
-36.26
-35.28
35.28
-38.22
-37.24
36.26
-40.18
-39.2
37.24
-42.14
-41.16
38.22
-43.12
39.2
-44.1
40.18
41.16
-45.08
42.14
-46.06
43.12
-47.04
44.1
-48.02
45.08
-48.02
46.06
-49
47.04
-49.98
48.02
-50.96
49
-50.96
49.98
-51.94
49.98
-51.94
50.96
-52.92
51.94
-52.92
52.92
-52.92
52.92
-53.9
53.9
-53.9
54.88
-54.88
54.88
-54.88
55.86
-55.86
56.84
-55.86
56.84
-56.84
57.82
-56.84
57.82
-57.82
58.8
-58.8
58.8
-59.78
59.78
-60.76
59.78
-60.76
60.76
-61.74
60.76
-62.72
61.74
-63.7
61.74
-63.7
62.72
-64.68
62.72
-64.68
0
0.98
1.96
63.7
-64.68
-0.98
2.94
63.7
-65.66
-1.96
2.94
64.68
-65.66
-1.96
3.92
64.68
-65.66
-2.94
3.92
65.66
-66.64
-2.94
3.92
65.66
-66.64
-2.94
3.92
65.66
-66.64
-2.94
2.94
66.64
-66.64
-2.94
2.94
66.64
-67.62
-25.48
-24.5
-23.52
-2.94
1.96
67.62
-67.62
-26.46
-25.48
-22.54
-2.94
0.98
67.62
-68.6
-26.46
-21.56
-1.96
-0.98
0
68.6
-68.6
-26.46
-20.58
69.58
-68.6
-26.46
-19.6
69.58
-68.6
-26.46
-18.62
24.5
25.48
26.46
27.44
70.56
-69.58
-25.48
-17.64
23.52
27.44
70.56
-69.58
-25.48
-17.64
21.56
22.54
28.42
70.56
-69.58
-25.48
-16.66
20.58
28.42
70.56
-69.58
-24.5
-16.66
20.58
28.42
70.56
-69.58
-24.5
-15.68
19.6
28.42
71.54
-68.6
-23.52
-15.68
18.62
27.44
71.54
-68.6
-22.54
-15.68
18.62
27.44
70.56
-68.6
-21.56
-15.68
-14.7
18.62
26.46
70.56
-68.6
-20.58
-19.6
-18.62
-17.64
-16.66
-15.68
-14.7
17.64
18.62
25.48
70.56
-68.6
-17.64
-16.66
17.64
18.62
19.6
20.58
21.56
22.54
23.52
24.5
70.56
-68.6
18.62
19.6
20.58
70.56
-68.6
70.56
-68.6
70.56
-68.6
71.54
-68.6
-0.98
0
0.98
1.96
2.94
3.92
71.54
-68.6
-1.96
4.9
71.54
-68.6
-2.94
5.88
71.54
-68.6
-2.94
6.86
71.54
-68.6
-2.94
6.86
71.54
-67.62
-2.94
5.88
71.54
-67.62
-1.96
5.88
71.54
-66.64
-1.96
4.9
71.54
-66.64
-0.98
3.92
71.54
-65.66
0
0.98
1.96
2.94
70.56
-65.66
70.56
-65.66
70.56
-65.66
70.56
-65.66
69.58
-66.64
69.58
-66.64
69.58
-66.64
69.58
-66.64
68.6
-66.64
68.6
-66.64
68.6
-66.64
68.6
-66.64
68.6
-66.64
68.6
-66.64
68.6
-66.64
68.6
-65.66
68.6
-65.66
67.62
-65.66
67.62
-64.68
-3.92
-2.94
67.62
-64.68
-4.9
-3.92
-1.96
-0.98
0
0.98
1.96
2.94
3.92
4.9
5.88
6.86
67.62
-64.68
-5.88
6.86
67.62
-63.7
-6.86
7.84
66.64
-63.7
-6.86
8.82
66.64
-63.7
-6.86
8.82
66.64
-63.7
-6.86
8.82
66.64
-63.7
-6.86
8.82
65.66
-62.72
-6.86
8.82
65.66
-62.72
-6.86
8.82
65.66
-61.74
-6.86
8.82
64.68
-61.74
-6.86
8.82
64.68
-60.76
-6.86
8.82
63.7
-60.76
-6.86
8.82
63.7
-59.78
-6.86
8.82
62.72
-59.78
-6.86
7.84
62.72
-59.78
-6.86
7.84
61.74
-58.8
-5.88
-0.98
0
0.98
6.86
61.74
-58.8
-4.9
-3.92
-2.94
-1.96
1.96
2.94
3.92
4.9
5.88
61.74
-58.8
61.74
-57.82
61.74
-57.82
60.76
-57.82
60.76
-57.82
60.76
-57.82
59.78
-57.82
59.78
-57.82
59.78
-57.82
58.8
-57.82
58.8
-56.84
58.8
-56.84
58.8
-56.84
58.8
-56.84
58.8
-56.84
58.8
-55.86
58.8
-55.86
58.8
-55.86
58.8
-54.88
58.8
-54.88
57.82
-53.9
57.82
-53.9
56.84
-52.92
56.84
-52.92
55.86
-51.94
54.88
-51.94
53.9
-50.96
52.92
-49.98
51.94
-49
51.94
-49
50.96
-48.02
50.96
-47.04
49.98
-47.04
49.98
-46.06
49
-45.08
49
-45.08
48.02
-44.1
47.04
-43.12
46.06
-43.12
45.08
-42.14
44.1
-42.14
43.12
-41.16
42.14
-40.18
41.16
-39.2
40.18
-38.22
39.2
-37.24
38.22
-36.26
-35.28
38.22
-34.3
-33.32
37.24
-32.34
35.28
36.26
-31.36
0.98
1.96
34.3
-30.38
-29.4
0
2.94
32.34
33.32
-28.42
-0.98
3.92
30.38
31.36
-27.44
-1.96
4.9
28.42
29.4
-26.46
-25.48
-24.5
-2.94
4.9
25.48
26.46
27.44
-23.52
-22.54
-21.56
-20.58
-19.6
-3.92
5.88
22.54
23.52
24.5
-18.62
-17.64
-16.66
-15.68
-5.88
-4.9
6.86
20.58
21.56
-14.7
-13.72
-12.74
-11.76
-10.78
-9.8
-8.82
-7.84
-6.86
7.84
8.82
16.66
17.64
18.62
19.6
9.8
10.78
11.76
12.74
13.72
14.7
15.68
-13.72
-12.74
-11.76
-10.78
-9.8
-8.82
-7.84
-6.86
-5.88
-17.64
-16.66
-15.68
-14.7
-4.9
-3.92
11.76
12.74
13.72
14.7
15.68
16.66
17.64
-20.58
-19.6
-18.62
-2.94
9.8
10.78
18.62
19.6
20.58
21.56
-22.54
-21.56
-1.96
7.84
8.82
22.54
23.52
-24.5
-23.52
-0.98
6.86
24.5
25.48
-26.46
-25.48
0
5.88
26.46
27.44
-27.44
0.98
1.96
3.92
4.9
28.42
29.4
-29.4
-28.42
2.94
30.38
-30.38
31.36
32.34
-32.34
-31.36
33.32
-34.3
-33.32
34.3
-35.28
35.28
-37.24
-36.26
36.26
-39.2
-38.22
37.24
-41.16
-40.18
38.22
-43.12
-42.14
39.2
-44.1
40.18
-45.08
41.16
42.14
-46.06
43.12
-47.04
44.1
-47.04
45.08
-48.02
46.06
-49
47.04
-49.98
48.02
-49.98
49
-50.96
49
-51.94
49.98
-51.94
50.96
-52.92
51.94
-52.92
52.92
-52.92
52.92
-53.9
53.9
-53.9
54.88
-53.9
54.88
-54.88
55.86
-54.88
56.84
-55.86
56.84
-56.84
57.82
-56.84
57.82
-57.82
58.8
-58.8
58.8
-59.78
59.78
-60.76
59.78
-61.74
60.76
-61.74
60.76
-62.72
61.74
-63.7
61.74
-63.7
62.72
-64.68
62.72
-64.68
63.7
-64.68
0
0.98
1.96
63.7
-65.66
-0.98
2.94
64.68
-65.66
-1.96
2.94
64.68
-65.66
-1.96
2.94
64.68
-66.64
-2.94
2.94
65.66
-66.64
-2.94
2.94
65.66
-66.64
-2.94
2.94
65.66
-66.64
-2.94
2.94
66.64
-67.62
-2.94
1.96
67.62
-67.62
-24.5
-23.52
-22.54
-1.96
0.98
67.62
-68.6
-25.48
-24.5
-21.56
-0.98
0
68.6
-68.6
-25.48
-20.58
69.58
-68.6
-25.48
-19.6
69.58
-68.6
-25.48
-18.62
69.58
-69.58
-25.48
-17.64
23.52
24.5
25.48
26.46
70.56
-69.58
-25.48
-16.66
22.54
27.44
70.56
-69.58
-24.5
-16.66
20.58
21.56
27.44
70.56
-69.58
-24.5
-15.68
19.6
27.44
70.56
-68.6
-24.5
-14.7
19.6
27.44
70.56
-68.6
-23.52
-14.7
18.62
27.44
70.56
-68.6
-23.52
-14.7
17.64
27.44
70.56
-68.6
-22.54
-13.72
17.64
26.46
70.56
-67.62
-21.56
-20.58
-13.72
16.66
25.48
70.56
-67.62
-19.6
-18.62
-15.68
-14.7
-13.72
16.66
24.5
70.56
-67.62
-17.64
-16.66
-15.68
-14.7
-13.72
16.66
17.64
21.56
22.54
23.52
70.56
-68.6
16.66
17.64
18.62
19.6
20.58
70.56
-68.6
70.56
-68.6
70.56
-68.6
0.98
1.96
2.94
70.56
-68.6
-0.98
0
3.92
4.9
71.54
-68.6
-1.96
5.88
71.54
-67.62
-2.94
6.86
71.54
-67.62
-2.94
6.86
71.54
-67.62
-2.94
5.88
71.54
-66.64
-1.96
5.88
71.54
-65.66
-1.96
4.9
71.54
-65.66
-0.98
3.92
70.56
-65.66
0
0.98
1.96
2.94
70.56
-65.66
70.56
-65.66
70.56
-65.66
69.58
-65.66
69.58
-66.64
69.58
-66.64
69.58
-66.64
69.58
-66.64
68.6
-66.64
68.6
-66.64
68.6
-66.64
68.6
-66.64
68.6
-66.64
68.6
-66.64
68.6
-66.64
68.6
-65.66
68.6
-65.66
68.6
-65.66
-4.9
-3.92
-2.94
-1.96
67.62
-64.68
-5.88
-4.9
-1.96
-0.98
0
0.98
1.96
2.94
3.92
4.9
5.88
6.86
67.62
-64.68
-5.88
7.84
67.62
-64.68
-6.86
7.84
67.62
-64.68
-6.86
8.82
66.64
-63.7
-7.84
8.82
66.64
-63.7
-7.84
8.82
66.64
-63.7
-7.84
8.82
66.64
-63.7
-7.84
8.82
66.64
-62.72
-7.84
8.82
65.66
-62.72
-7.84
8.82
65.66
-62.72
-7.84
8.82
65.66
-61.74
-7.84
8.82
64.68
-61.74
-7.84
8.82
64.68
-60.76
-7.84
8.82
63.7
-60.76
-6.86
8.82
63.7
-59.78
-6.86
7.84
62.72
-59.78
-5.88
-0.98
0
0.98
7.84
62.72
-59.78
-4.9
-3.92
-2.94
-1.96
1.96
2.94
3.92
4.9
5.88
6.86
61.74
-58.8
61.74
-58.8
61.74
-57.82
61.74
-57.82
61.74
-57.82
60.76
-57.82
60.76
-57.82
59.78
-57.82
59.78
-57.82
59.78
-57.82
58.8
-57.82
58.8
-56.84
58.8
-56.84
58.8
-56.84
58.8
-56.84
58.8
-55.86
58.8
-55.86
58.8
-55.86
58.8
-55.86
58.8
-54.88
58.8
-54.88
57.82
-53.9
57.82
-53.9
56.84
-52.92
56.84
-51.94
55.86
-51.94
54.88
-50.96
53.9
-49.98
52.92
-49.98
51.94
-49
51.94
-48.02
50.96
-48.02
50.96
-47.04
49.98
-46.06
49.98
-46.06
49
-45.08
48.02
-44.1
48.02
-44.1
47.04
-43.12
46.06
-43.12
45.08
-42.14
44.1
-41.16
43.12
-41.16
42.14
-40.18
41.16
-39.2
40.18
-38.22
39.2
-37.24
-36.26
38.22
-35.28
37.24
-34.3
-33.32
36.26
-32.34
35.28
-31.36
-30.38
0.98
33.32
34.3
-29.4
0
1.96
2.94
32.34
-28.42
-0.98
3.92
30.38
31.36
-27.44
-26.46
-1.96
3.92
26.46
27.44
28.42
29.4
-25.48
-24.5
-23.52
-22.54
-2.94
4.9
23.52
24.5
25.48
-21.56
-20.58
-19.6
-18.62
-17.64
-3.92
5.88
21.56
22.54
-16.66
-15.68
-14.7
-13.72
-6.86
-5.88
-4.9
6.86
7.84
18.62
19.6
20.58
-12.74
-11.76
-10.78
-9.8
-8.82
-7.84
8.82
9.8
10.78
11.76
12.74
13.72
14.7
15.68
16.66
17.64
-13.72
-12.74
-11.76
-10.78
-9.8
-8.82
-7.84
-6.86
-5.88
-16.66
-15.68
-14.7
-4.9
-3.92
12.74
13.72
14.7
15.68
16.66
-19.6
-18.62
-17.64
-2.94
9.8
10.78
11.76
17.64
18.62
19.6
20.58
-22.54
-21.56
-20.58
-1.96
8.82
21.56
22.54
-24.5
-23.52
-0.98
7.84
23.52
24.5
25.48
-25.48
0
5.88
6.86
26.46
27.44
-27.44
-26.46
0.98
4.9
28.42
29.4
-28.42
1.96
2.94
3.92
30.38
-30.38
-29.4
31.36
-31.36
32.34
33.32
-33.32
-32.34
34.3
-35.28
-34.3
35.28
-37.24
-36.26
35.28
-38.22
36.26
-40.18
-39.2
37.24
-42.14
-41.16
38.22
-43.12
39.2
40.18
-44.1
41.16
-45.08
42.14
43.12
-46.06
44.1
-47.04
45.08
-48.02
46.06
-49
47.04
-49
47.04
-49.98
48.02
-50.96
49
-50.96
49.98
-51.94
50.96
-51.94
51.94
-52.92
52.92
-52.92
52.92
-52.92
53.9
-53.9
54.88
-53.9
54.88
-54.88
55.86
-54.88
56.84
-55.86
56.84
-55.86
57.82
-56.84
57.82
-57.82
58.8
-58.8
58.8
-59.78
59.78
-60.76
59.78
-61.74
60.76
-61.74
60.76
-62.72
61.74
-63.7
61.74
-63.7
62.72
-64.68
62.72
-64.68
63.7
-64.68
63.7
-65.66
0
0.98
1.96
63.7
-65.66
-0.98
1.96
64.68
-65.66
-1.96
2.94
64.68
-65.66
-1.96
2.94
64.68
-66.64
-1.96
2.94
65.66
-66.64
-2.94
2.94
65.66
-66.64
-1.96
1.96
66.64
-67.62
-1.96
1.96
66.64
-67.62
-0.98
0
0.98
67.62
-67.62
-23.52
-22.54
68.6
-68.6
-24.5
-23.52
-22.54
-21.56
-20.58
68.6
-68.6
-24.5
-19.6
69.58
-68.6
-24.5
-18.62
69.58
-68.6
-24.5
-17.64
70.56
-68.6
-24.5
-16.66
22.54
23.52
24.5
25.48
26.46
70.56
-68.6
-24.5
-16.66
20.58
21.56
26.46
70.56
-68.6
-24.5
-15.68
19.6
27.44
70.56
-68.6
-24.5
-14.7
18.62
27.44
70.56
-68.6
-23.52
-13.72
17.64
27.44
70.56
-67.62
-23.52
-13.72
17.64
26.46
70.56
-67.62
-22.54
-12.74
16.66
26.46
70.56
-67.62
-21.56
-12.74
15.68
25.48
70.56
-67.62
-20.58
-12.74
15.68
24.5
69.58
-67.62
-19.6
-18.62
-12.74
15.68
23.52
69.58
-67.62
-17.64
-16.66
-15.68
-14.7
-13.72
-12.74
14.7
15.68
21.56
22.54
69.58
-67.62
-14.7
-13.72
-12.74
14.7
15.68
16.66
17.64
18.62
19.6
20.58
69.58
-67.62
15.68
16.66
17.64
70.56
-67.62
70.56
-67.62
0
0.98
1.96
2.94
3.92
4.9
70.56
-67.62
-0.98
5.88
70.56
-67.62
-1.96
5.88
70.56
-66.64
-2.94
6.86
71.54
-66.64
-1.96
5.88
71.54
-65.66
-1.96
5.88
71.54
-65.66
-1.96
4.9
70.56
-65.66
-0.98
3.92
70.56
-65.66
0
0.98
1.96
2.94
70.56
-65.66
70.56
-65.66
69.58
-65.66
69.58
-66.64
69.58
-66.64
69.58
-66.64
69.58
-66.64
68.6
-66.64
68.6
-67.62
69.58
-67.62
69.58
-66.64
69.58
-66.64
68.6
-66.64
68.6
-66.64
68.6
-66.64
68.6
-65.66
68.6
-65.66
-4.9
-3.92
-2.94
-1.96
-0.98
0
2.94
3.92
4.9
5.88
68.6
-65.66
-5.88
-0.98
0
0.98
1.96
2.94
3.92
4.9
5.88
6.86
67.62
-65.66
-6.86
7.84
67.62
-64.68
-6.86
8.82
67.62
-64.68
-7.84
8.82
67.62
-64.68
-7.84
8.82
67.62
-64.68
-7.84
8.82
66.64
-63.7
-7.84
8.82
66.64
-63.7
-7.84
8.82
66.64
-63.7
-7.84
8.82
66.64
-63.7
-7.84
8.82
66.64
-62.72
-7.84
8.82
65.66
-62.72
-7.84
8.82
65.66
-61.74
-7.84
8.82
64.68
-61.74
-7.84
8.82
64.68
-60.76
-7.84
8.82
63.7
-60.76
-6.86
7.84
63.7
-59.78
-5.88
-1.96
-0.98
0
0.98
1.96
6.86
62.72
-59.78
-4.9
-3.92
-2.94
-1.96
1.96
2.94
3.92
4.9
5.88
6.86
62.72
-59.78
62.72
-58.8
61.74
-58.8
61.74
-57.82
61.74
-57.82
61.74
-57.82
60.76
-57.82
60.76
-57.82
60.76
-57.82
59.78
-57.82
59.78
-57.82
59.78
-57.82
58.8
-56.84
58.8
-56.84
58.8
-56.84
58.8
-56.84
58.8
-55.86
58.8
-55.86
58.8
-55.86
58.8
-54.88
58.8
-54.88
58.8
-53.9
57.82
-53.9
57.82
-52.92
56.84
-52.92
56.84
-51.94
55.86
-50.96
54.88
-50.96
53.9
-49.98
52.92
-49
51.94
-49
50.96
-48.02
50.96
-47.04
49.98
-47.04
49.98
-46.06
49
-45.08
49
-45.08
48.02
-44.1
47.04
-43.12
47.04
-43.12
46.06
-42.14
45.08
-42.14
44.1
-41.16
43.12
-40.18
42.14
-39.2
41.16
-38.22
40.18
-37.24
39.2
-36.26
-35.28
38.22
-34.3
37.24
-33.32
36.26
-32.34
-31.36
34.3
35.28
-30.38
33.32
-29.4
0
0.98
1.96
31.36
32.34
-28.42
-27.44
-0.98
2.94
29.4
30.38
-26.46
-25.48
-1.96
3.92
24.5
25.48
26.46
27.44
28.42
-24.5
-23.52
-22.54
-21.56
-20.58
-19.6
-2.94
4.9
21.56
22.54
23.52
-18.62
-17.64
-16.66
-15.68
-4.9
-3.92
5.88
19.6
20.58
-14.7
-13.72
-12.74
-11.76
-10.78
-9.8
-8.82
-7.84
-6.86
-5.88
6.86
7.84
16.66
17.64
18.62
8.82
9.8
10.78
11.76
12.74
13.72
14.7
15.68
-12.74
-11.76
-10.78
-9.8
-8.82
-7.84
-6.86
-16.66
-15.68
-14.7
-13.72
-5.88
-4.9
-19.6
-18.62
-17.64
-3.92
10.78
11.76
12.74
13.72
14.7
15.68
16.66
17.64
18.62
-21.56
-20.58
-2.94
8.82
9.8
19.6
20.58
21.56
-23.52
-22.54
-1.96
7.84
22.54
23.52
24.5
-25.48
-24.5
-0.98
6.86
25.48
26.46
-26.46
0
4.9
5.88
27.44
28.42
-28.42
-27.44
0.98
1.96
2.94
3.92
29.4
30.38
-29.4
31.36
-31.36
-30.38
32.34
-32.34
33.32
-34.3
-33.32
34.3
-36.26
-35.28
35.28
-38.22
-37.24
36.26
-40.18
-39.2
37.24
-41.16
38.22
-43.12
-42.14
39.2
-44.1
40.18
41.16
-45.08
42.14
-46.06
43.12
-47.04
44.1
-48.02
45.08
-48.02
46.06
-49
47.04
-49.98
48.02
-49.98
49
-50.96
49.98
-51.94
50.96
-51.94
51.94
-51.94
51.94
-52.92
52.92
-52.92
53.9
-53.9
54.88
-53.9
54.88
-54.88
55.86
-54.88
55.86
-55.86
56.84
-55.86
57.82
-56.84
57.82
-57.82
58.8
-58.8
58.8
-59.78
59.78
-60.76
59.78
-61.74
60.76
-61.74
60.76
-62.72
61.74
-63.7
61.74
-63.7
62.72
-64.68
62.72
-64.68
62.72
-64.68
63.7
-65.66
63.7
-65.66
0
0.98
63.7
-65.66
-0.98
1.96
64.68
-65.66
-1.96
1.96
64.68
-65.66
-1.96
1.96
64.68
-66.64
-1.96
1.96
65.66
-66.64
-1.96
1.96
65.66
-67.62
-0.98
0.98
66.64
-67.62
0
67.62
-67.62
68.6
-68.6
68.6
-68.6
-23.52
-22.54
-21.56
-20.58
69.58
-68.6
-23.52
-19.6
69.58
-68.6
-23.52
-18.62
69.58
-68.6
-23.52
-17.64
23.52
24.5
70.56
-68.6
-23.52
-16.66
21.56
22.54
25.48
70.56
-68.6
-23.52
-15.68
20.58
26.46
70.56
-68.6
-23.52
-14.7
18.62
19.6
26.46
70.56
-67.62
-23.52
-13.72
17.64
26.46
70.56
-67.62
-23.52
-12.74
16.66
26.46
70.56
-67.62
-22.54
-12.74
16.66
26.46
70.56
-66.64
-21.56
-11.76
15.68
25.48
69.58
-66.64
-20.58
-11.76
14.7
24.5
69.58
-66.64
-19.6
-11.76
14.7
23.52
69.58
-66.64
-18.62
-11.76
13.72
22.54
69.58
-66.64
-17.64
-16.66
-15.68
-11.76
-10.78
13.72
20.58
21.56
69.58
-66.64
-15.68
-14.7
-13.72
-12.74
-11.76
-10.78
12.74
13.72
14.7
18.62
19.6
69.58
-67.62
-13.72
-12.74
-11.76
-10.78
12.74
13.72
14.7
15.68
16.66
17.64
69.58
-67.62
12.74
13.72
14.7
69.58
-66.64
0
0.98
1.96
2.94
3.92
4.9
70.56
-66.64
-0.98
5.88
70.56
-66.64
-1.96
5.88
70.56
-65.66
-1.96
5.88
70.56
-65.66
-1.96
5.88
70.56
-65.66
-0.98
4.9
70.56
-64.68
-0.98
3.92
70.56
-65.66
0
0.98
1.96
2.94
70.56
-65.66
69.58
-65.66
69.58
-65.66
69.58
-66.64
68.6
-66.64
68.6
-66.64
68.6
-67.62
68.6
-67.62
68.6
-67.62
69.58
-67.62
69.58
-67.62
69.58
-66.64
69.58
-66.64
69.58
-66.64
68.6
-66.64
-4.9
-3.92
-2.94
-1.96
68.6
-65.66
-5.88
-4.9
-3.92
-2.94
-1.96
-0.98
0
0.98
1.96
2.94
3.92
4.9
5.88
6.86
68.6
-65.66
-6.86
-5.88
0.98
1.96
6.86
7.84
68.6
-65.66
-6.86
7.84
67.62
-65.66
-7.84
8.82
67.62
-64.68
-7.84
8.82
67.62
-64.68
-7.84
9.8
67.62
-64.68
-7.84
9.8
66.64
-64.68
-7.84
9.8
66.64
-64.68
-7.84
9.8
66.64
-63.7
-7.84
9.8
66.64
-63.7
-7.84
9.8
66.64
-63.7
-7.84
9.8
66.64
-62.72
-7.84
8.82
65.66
-62.72
-7.84
8.82
65.66
-61.74
-7.84
8.82
65.66
-61.74
-7.84
8.82
64.68
-60.76
-6.86
7.84
63.7
-60.76
-5.88
-2.94
-1.96
-0.98
0
0.98
1.96
2.94
3.92
6.86
63.7
-60.76
-4.9
-3.92
-2.94
2.94
3.92
4.9
5.88
62.72
-59.78
62.72
-59.78
62.72
-58.8
61.74
-58.8
61.74
-58.8
61.74
-57.82
61.74
-57.82
60.76
-57.82
60.76
-57.82
60.76
-57.82
59.78
-57.82
59.78
-57.82
59.78
-57.82
58.8
-56.84
58.8
-56.84
58.8
-56.84
58.8
-55.86
58.8
-55.86
58.8
-55.86
58.8
-55.86
58.8
-54.88
58.8
-54.88
57.82
-53.9
57.82
-53.9
57.82
-52.92
56.84
-51.94
55.86
-51.94
54.88
-50.96
53.9
-49.98
52.92
-49.98
51.94
-49
51.94
-48.02
50.96
-48.02
49.98
-47.04
49.98
-46.06
49
-45.08
49
-45.08
48.02
-44.1
48.02
-44.1
47.04
-43.12
46.06
-43.12
45.08
-42.14
44.1
-41.16
44.1
-41.16
43.12
-40.18
42.14
-39.2
-38.22
41.16
-37.24
40.18
-36.26
39.2
-35.28
38.22
-34.3
-33.32
37.24
-32.34
35.28
36.26
-31.36
34.3
-30.38
33.32
-29.4
-28.42
0.98
31.36
32.34
-27.44
-26.46
-0.98
0
1.96
2.94
29.4
30.38
-25.48
-24.5
-23.52
-22.54
-1.96
3.92
21.56
22.54
23.52
24.5
25.48
26.46
27.44
28.42
-21.56
-20.58
-19.6
-18.62
-17.64
-2.94
4.9
19.6
20.58
-16.66
-15.68
-14.7
-4.9
-3.92
5.88
17.64
18.62
-13.72
-12.74
-11.76
-10.78
-9.8
-8.82
-7.84
-6.86
-5.88
6.86
7.84
8.82
9.8
12.74
13.72
14.7
15.68
16.66
10.78
11.76
-11.76
-10.78
-9.8
-8.82
-15.68
-14.7
-13.72
-12.74
-7.84
-6.86
-5.88
-18.62
-17.64
-16.66
-4.9
-3.92
11.76
12.74
13.72
14.7
15.68
16.66
-21.56
-20.58
-19.6
-2.94
9.8
10.78
17.64
18.62
19.6
20.58
-23.52
-22.54
-1.96
7.84
8.82
21.56
22.54
23.52
-24.5
-0.98
6.86
24.5
25.48
26.46
-26.46
-25.48
0
5.88
27.44
28.42
-27.44
0.98
3.92
4.9
29.4
-29.4
-28.42
1.96
2.94
30.38
-30.38
31.36
32.34
-32.34
-31.36
33.32
-33.32
34.3
-35.28
-34.3
34.3
-37.24
-36.26
35.28
-39.2
-38.22
36.26
-41.16
-40.18
37.24
-42.14
38.22
39.2
-44.1
-43.12
40.18
-45.08
41.16
42.14
-46.06
43.12
-47.04
44.1
-47.04
45.08
-48.02
46.06
-49
47.04
-49
48.02
-49.98
49
-50.96
49.98
-50.96
50.96
-51.94
51.94
-51.94
51.94
-52.92
52.92
-52.92
53.9
-53.9
53.9
-53.9
54.88
-53.9
55.86
-54.88
55.86
-55.86
56.84
-55.86
56.84
-56.84
57.82
-57.82
58.8
-58.8
58.8
-59.78
59.78
-60.76
59.78
-61.74
60.76
-62.72
60.76
-62.72
61.74
-63.7
61.74
-63.7
62.72
-64.68
62.72
-64.68
62.72
-64.68
63.7
-64.68
63.7
-65.66
63.7
-65.66
0
0.98
63.7
-65.66
-0.98
1.96
64.68
-65.66
-0.98
1.96
64.68
-66.64
-0.98
1.96
65.66
-66.64
-0.98
0.98
65.66
-66.64
0
66.64
-67.62
67.62
-67.62
67.62
-67.62
68.6
-68.6
69.58
-68.6
-22.54
-21.56
-20.58
69.58
-68.6
-22.54
-19.6
-18.62
69.58
-68.6
-22.54
-17.64
70.56
-68.6
-23.52
-16.66
22.54
23.52
24.5
70.56
-68.6
-23.52
-15.68
20.58
21.56
24.5
25.48
70.56
-67.62
-23.52
-14.7
19.6
25.48
70.56
-67.62
-23.52
-13.72
18.62
25.48
70.56
-66.64
-22.54
-12.74
17.64
25.48
70.56
-66.64
-22.54
-12.74
16.66
25.48
69.58
-66.64
-21.56
-11.76
15.68
25.48
69.58
-65.66
-21.56
-11.76
14.7
24.5
69.58
-65.66
-20.58
-10.78
13.72
24.5
69.58
-66.64
-19.6
-10.78
12.74
23.52
68.6
-66.64
-18.62
-9.8
12.74
22.54
68.6
-66.64
-17.64
-16.66
-9.8
11.76
20.58
21.56
68.6
-66.64
-15.68
-14.7
-9.8
11.76
18.62
19.6
68.6
-66.64
-14.7
-13.72
-12.74
-11.76
-10.78
-9.8
-8.82
11.76
15.68
16.66
17.64
69.58
-66.64
-12.74
-11.76
-10.78
-9.8
-8.82
10.78
11.76
12.74
13.72
14.7
15.68
16.66
69.58
-66.64
0
0.98
1.96
2.94
3.92
4.9
10.78
11.76
12.74
13.72
14.7
69.58
-65.66
-0.98
0
4.9
10.78
69.58
-65.66
-0.98
5.88
70.56
-65.66
-0.98
5.88
70.56
-65.66
-0.98
4.9
69.58
-64.68
0
2.94
3.92
69.58
-65.66
0.98
1.96
69.58
-65.66
69.58
-65.66
69.58
-66.64
68.6
-66.64
68.6
-66.64
68.6
-67.62
68.6
-67.62
68.6
-67.62
69.58
-67.62
69.58
-67.62
69.58
-67.62
69.58
-66.64
69.58
-66.64
-3.92
-2.94
69.58
-66.64
-5.88
-4.9
-3.92
-2.94
-1.96
-0.98
0
2.94
3.92
4.9
5.88
6.86
68.6
-66.64
-6.86
-5.88
-0.98
0
0.98
1.96
2.94
3.92
4.9
5.88
6.86
7.84
68.6
-65.66
-6.86
7.84
8.82
68.6
-65.66
-7.84
8.82
67.62
-65.66
-7.84
8.82
67.62
-64.68
-7.84
9.8
67.62
-64.68
-8.82
9.8
67.62
-64.68
-8.82
9.8
67.62
-64.68
-8.82
9.8
66.64
-64.68
-8.82
9.8
66.64
-64.68
-8.82
9.8
66.64
-63.7
-8.82
9.8
66.64
-63.7
-8.82
9.8
66.64
-63.7
-8.82
9.8
66.64
-62.72
-7.84
9.8
65.66
-62.72
-7.84
8.82
65.66
-61.74
-7.84
8.82
65.66
-61.74
-6.86
0
7.84
64.68
-60.76
-5.88
-4.9
-3.92
-2.94
-1.96
-0.98
0
0.98
1.96
2.94
3.92
4.9
5.88
6.86
64.68
-60.76
-4.9
-3.92
4.9
5.88
63.7
-60.76
62.72
-59.78
62.72
-59.78
62.72
-58.8
61.74
-58.8
61.74
-58.8
61.74
-57.82
61.74
-57.82
60.76
-57.82
60.76
-57.82
60.76
-57.82
59.78
-57.82
59.78
-57.82
59.78
-56.84
58.8
-56.84
58.8
-56.84
58.8
-56.84
58.8
-55.86
58.8
-55.86
58.8
-55.86
58.8
-54.88
58.8
-54.88
58.8
-53.9
57.82
-53.9
57.82
-52.92
56.84
-52.92
56.84
-51.94
55.86
-50.96
54.88
-49.98
53.9
-49.98
52.92
-49
51.94
-49
50.96
-48.02
50.96
-47.04
49.98
-47.04
49.98
-46.06
49
-45.08
49
-44.1
48.02
-44.1
47.04
-43.12
46.06
-43.12
46.06
-42.14
45.08
-42.14
44.1
-41.16
43.12
-40.18
43.12
-39.2
42.14
-38.22
-37.24
41.16
-36.26
40.18
-35.28
39.2
-34.3
38.22
-33.32
36.26
37.24
-32.34
35.28
-31.36
-30.38
34.3
-29.4
32.34
33.32
-28.42
-27.44
31.36
-26.46
-25.48
-24.5
-0.98
0
0.98
1.96
2.94
27.44
28.42
29.4
30.38
-23.52
-22.54
-21.56
-20.58
-1.96
3.92
20.58
21.56
22.54
23.52
24.5
25.48
26.46
-19.6
-18.62
-17.64
-16.66
-3.92
-2.94
4.9
18.62
19.6
-15.68
-14.7
-13.72
-12.74
-11.76
-6.86
-5.88
-4.9
5.88
6.86
15.68
16.66
17.64
-10.78
-9.8
-8.82
-7.84
7.84
8.82
9.8
10.78
11.76
12.74
13.72
14.7
-15.68
-14.7
-13.72
-12.74
-11.76
-10.78
-9.8
-8.82
-7.84
-6.86
-18.62
-17.64
-16.66
-5.88
-4.9
12.74
13.72
-20.58
-19.6
-3.92
9.8
10.78
11.76
14.7
15.68
16.66
17.64
18.62
-22.54
-21.56
-2.94
8.82
19.6
20.58
21.56
22.54
-24.5
-23.52
-1.96
6.86
7.84
23.52
24.5
25.48
-26.46
-25.48
-0.98
5.88
26.46
27.44
-27.44
0
4.9
28.42
-28.42
0.98
1.96
2.94
3.92
29.4
30.38
-30.38
-29.4
31.36
-31.36
32.34
-33.32
-32.34
33.32
-34.3
34.3
-36.26
-35.28
35.28
-38.22
-37.24
36.26
-40.18
-39.2
37.24
-42.14
-41.16
38.22
-43.12
39.2
40.18
-44.1
41.16
42.14
-45.08
43.12
-46.06
44.1
-47.04
45.08
-48.02
46.06
-49
47.04
-49
48.02
-49.98
49
-50.96
49.98
-50.96
50.96
-51.94
51.94
-51.94
51.94
-52.92
52.92
-52.92
53.9
-53.9
53.9
-53.9
54.88
-53.9
55.86
-54.88
55.86
-55.86
56.84
-55.86
56.84
-56.84
57.82
-57.82
57.82
-58.8
58.8
-59.78
59.78
-60.76
59.78
-61.74
60.76
-62.72
61.74
-62.72
61.74
-63.7
61.74
-63.7
62.72
-63.7
62.72
-64.68
62.72
-64.68
63.7
-64.68
63.7
-64.68
63.7
-65.66
63.7
-65.66
0
0.98
63.7
-65.66
0
0.98
64.68
-65.66
0
0.98
64.68
-65.66
0
65.66
-66.64
66.64
-66.64
67.62
-67.62
67.62
-67.62
68.6
-67.62
68.6
-67.62
69.58
-67.62
-21.56
-20.58
69.58
-67.62
-21.56
-20.58
-19.6
-18.62
69.58
-67.62
-22.54
-21.56
-17.64
-16.66
70.56
-67.62
-22.54
-15.68
21.56
22.54
23.52
70.56
-67.62
-22.54
-14.7
19.6
20.58
23.52
24.5
70.56
-67.62
-22.54
-14.7
18.62
24.5
70.56
-66.64
-22.54
-13.72
17.64
25.48
70.56
-66.64
-22.54
-12.74
16.66
25.48
69.58
-65.66
-21.56
-11.76
15.68
24.5
69.58
-65.66
-21.56
-11.76
14.7
24.5
69.58
-65.66
-20.58
-10.78
13.72
23.52
68.6
-65.66
-19.6
-9.8
12.74
23.52
68.6
-66.64
-18.62
-9.8
12.74
22.54
68.6
-66.64
-17.64
-8.82
11.76
21.56
68.6
-66.64
-16.66
-8.82
10.78
20.58
68.6
-66.64
-15.68
-7.84
10.78
18.62
19.6
68.6
-66.64
-14.7
-13.72
-7.84
9.8
17.64
68.6
-66.64
-13.72
-12.74
-11.76
-10.78
-9.8
-8.82
-7.84
9.8
15.68
16.66
69.58
-65.66
-12.74
-11.76
-10.78
-9.8
-8.82
-7.84
0.98
1.96
2.94
3.92
9.8
11.76
12.74
13.72
14.7
15.68
69.58
-65.66
-10.78
-9.8
-8.82
0
0.98
1.96
2.94
3.92
4.9
8.82
9.8
10.78
11.76
12.74
13.72
69.58
-65.66
0
0.98
1.96
2.94
3.92
4.9
8.82
9.8
10.78
11.76
69.58
-65.66
0
0.98
1.96
2.94
3.92
69.58
-65.66
0.98
1.96
69.58
-65.66
69.58
-65.66
68.6
-65.66
68.6
-66.64
68.6
-66.64
68.6
-66.64
68.6
-67.62
68.6
-67.62
68.6
-67.62
69.58
-67.62
69.58
-67.62
69.58
-67.62
-4.9
-3.92
69.58
-67.62
-5.88
-4.9
-3.92
-2.94
-1.96
4.9
5.88
6.86
7.84
69.58
-66.64
-6.86
-5.88
-4.9
-1.96
-0.98
0
0.98
1.96
2.94
3.92
4.9
5.88
6.86
7.84
8.82
69.58
-66.64
-7.84
-6.86
0.98
1.96
7.84
8.82
68.6
-66.64
-7.84
8.82
68.6
-65.66
-7.84
9.8
68.6
-65.66
-8.82
9.8
67.62
-65.66
-8.82
9.8
67.62
-64.68
-8.82
9.8
67.62
-64.68
-8.82
10.78
67.62
-64.68
-8.82
10.78
66.64
-64.68
-8.82
10.78
66.64
-64.68
-8.82
10.78
66.64
-64.68
-8.82
9.8
66.64
-63.7
-8.82
9.8
66.64
-63.7
-8.82
9.8
66.64
-63.7
-8.82
9.8
66.64
-62.72
-8.82
9.8
65.66
-62.72
-7.84
8.82
65.66
-62.72
-6.86
-1.96
-0.98
0
0.98
1.96
2.94
7.84
65.66
-61.74
-5.88
-4.9
-3.92
-2.94
-1.96
-0.98
0.98
1.96
2.94
3.92
4.9
5.88
6.86
64.68
-61.74
63.7
-60.76
63.7
-60.76
62.72
-59.78
62.72
-59.78
62.72
-59.78
61.74
-58.8
61.74
-58.8
61.74
-57.82
61.74
-57.82
61.74
-57.82
60.76
-57.82
60.76
-57.82
59.78
-57.82
59.78
-57.82
59.78
-56.84
58.8
-56.84
58.8
-56.84
58.8
-55.86
58.8
-55.86
58.8
-55.86
58.8
-54.88
58.8
-54.88
58.8
-54.88
57.82
-53.9
57.82
-53.9
57.82
-52.92
56.84
-51.94
55.86
-51.94
54.88
-50.96
53.9
-49.98
52.92
-49
51.94
-49
50.96
-48.02
50.96
-48.02
49.98
-47.04
49.98
-46.06
49
-46.06
49
-45.08
48.02
-44.1
47.04
-44.1
47.04
-43.12
46.06
-42.14
45.08
-42.14
45.08
-41.16
44.1
-40.18
43.12
-39.2
42.14
-38.22
42.14
-37.24
-36.26
41.16
-35.28
40.18
-34.3
39.2
-33.32
37.24
38.22
-32.34
36.26
-31.36
35.28
-30.38
33.32
34.3
-29.4
-28.42
32.34
-27.44
-26.46
30.38
31.36
-25.48
-24.5
-23.52
-22.54
-0.98
0
0.98
1.96
22.54
23.52
24.5
25.48
26.46
27.44
28.42
29.4
-21.56
-20.58
-19.6
-18.62
-1.96
2.94
3.92
19.6
20.58
21.56
-17.64
-16.66
-15.68
-3.92
-2.94
4.9
17.64
18.62
-14.7
-13.72
-12.74
-11.76
-10.78
-9.8
-8.82
-7.84
-6.86
-5.88
-4.9
5.88
6.86
7.84
13.72
14.7
15.68
16.66
8.82
9.8
10.78
11.76
12.74
-14.7
-13.72
-12.74
-11.76
-10.78
-9.8
-8.82
-7.84
-17.64
-16.66
-15.68
-6.86
-5.88
-20.58
-19.6
-18.62
-4.9
-3.92
10.78
11.76
12.74
13.72
14.7
15.68
-22.54
-21.56
-2.94
8.82
9.8
16.66
17.64
18.62
19.6
-23.52
-2.94
7.84
20.58
21.56
22.54
23.52
-25.48
-24.5
-1.96
6.86
24.5
25.48
26.46
-26.46
-0.98
5.88
27.44
28.42
-28.42
-27.44
0
0.98
3.92
4.9
29.4
-29.4
1.96
2.94
30.38
-31.36
-30.38
31.36
32.34
-32.34
33.32
-33.32
34.3
-35.28
-34.3
35.28
-37.24
-36.26
35.28
-39.2
-38.22
36.26
37.24
-41.16
-40.18
38.22
-43.12
-42.14
39.2
40.18
-44.1
41.16
-45.08
42.14
43.12
-46.06
44.1
-47.04
45.08
-48.02
46.06
-48.02
47.04
-49
48.02
-49.98
49
-49.98
49.98
-50.96
50.96
-50.96
51.94
-51.94
51.94
-52.92
52.92
-52.92
53.9
-53.9
53.9
-53.9
54.88
-54.88
54.88
-54.88
55.86
-55.86
55.86
-55.86
56.84
-56.84
57.82
-57.82
57.82
-58.8
58.8
-59.78
59.78
-60.76
59.78
-61.74
60.76
-62.72
61.74
-62.72
61.74
-63.7
62.72
-63.7
62.72
-63.7
62.72
-64.68
63.7
-64.68
63.7
-64.68
63.7
-64.68
63.7
-64.68
63.7
-64.68
63.7
-65.66
64.68
-65.66
64.68
-65.66
65.66
-65.66
66.64
-66.64
66.64
-66.64
67.62
-67.62
68.6
-67.62
68.6
-67.62
69.58
-67.62
69.58
-67.62
69.58
-67.62
-20.58
-19.6
-18.62
69.58
-67.62
-21.56
-20.58
-17.64
-16.66
70.56
-67.62
-21.56
-15.68
21.56
22.54
70.56
-66.64
-21.56
-14.7
19.6
20.58
23.52
70.56
-66.64
-21.56
-13.72
17.64
18.62
24.5
70.56
-66.64
-21.56
-12.74
16.66
24.5
69.58
-65.66
-21.56
-12.74
15.68
24.5
69.58
-65.66
-21.56
-11.76
14.7
24.5
69.58
-65.66
-20.58
-10.78
13.72
23.52
68.6
-65.66
-20.58
-9.8
12.74
23.52
68.6
-66.64
-19.6
-9.8
12.74
22.54
67.62
-66.64
-18.62
-8.82
11.76
21.56
67.62
-66.64
-17.64
-8.82
10.78
20.58
67.62
-66.64
-16.66
-7.84
10.78
19.6
67.62
-66.64
-15.68
-7.84
9.8
18.62
68.6
-66.64
-14.7
-6.86
8.82
17.64
68.6
-66.64
-14.7
-13.72
-6.86
8.82
16.66
68.6
-65.66
-13.72
-12.74
-11.76
-7.84
7.84
14.7
15.68
68.6
-65.66
-11.76
-10.78
-9.8
-8.82
-7.84
-6.86
7.84
12.74
13.72
14.7
68.6
-65.66
-10.78
-9.8
-8.82
-7.84
8.82
9.8
10.78
11.76
12.74
13.72
68.6
-65.66
-8.82
-7.84
8.82
9.8
10.78
11.76
12.74
68.6
-65.66
8.82
9.8
10.78
11.76
68.6
-65.66
8.82
9.8
10.78
68.6
-66.64
68.6
-66.64
68.6
-66.64
68.6
-67.62
68.6
-67.62
68.6
-67.62
68.6
-67.62
69.58
-67.62
-6.86
-5.88
-4.9
-3.92
6.86
7.84
8.82
69.58
-67.62
-6.86
-5.88
-4.9
-3.92
-2.94
5.88
6.86
7.84
8.82
69.58
-67.62
-7.84
-6.86
-5.88
-2.94
-1.96
3.92
4.9
5.88
6.86
7.84
8.82
9.8
69.58
-67.62
-7.84
-6.86
-0.98
0
0.98
1.96
2.94
3.92
8.82
9.8
69.58
-66.64
-7.84
9.8
69.58
-66.64
-8.82
9.8
69.58
-65.66
-8.82
9.8
68.6
-65.66
-8.82
10.78
68.6
-65.66
-8.82
10.78
67.62
-64.68
-8.82
10.78
67.62
-64.68
-8.82
10.78
67.62
-64.68
-9.8
10.78
66.64
-64.68
-8.82
10.78
66.64
-64.68
-8.82
10.78
66.64
-64.68
-8.82
10.78
66.64
-64.68
-8.82
10.78
66.64
-63.7
-8.82
10.78
66.64
-63.7
-8.82
9.8
66.64
-63.7
-8.82
9.8
66.64
-63.7
-7.84
-1.96
-0.98
0
0.98
1.96
2.94
8.82
65.66
-62.72
-6.86
-4.9
-3.92
-2.94
-1.96
-0.98
0
0.98
1.96
2.94
3.92
4.9
5.88
6.86
7.84
65.66
-62.72
-5.88
-4.9
-3.92
-2.94
3.92
4.9
5.88
6.86
65.66
-61.74
64.68
-61.74
63.7
-60.76
63.7
-60.76
62.72
-59.78
62.72
-59.78
62.72
-59.78
61.74
-58.8
61.74
-58.8
61.74
-57.82
61.74
-57.82
60.76
-57.82
60.76
-57.82
60.76
-57.82
59.78
-57.82
59.78
-57.82
58.8
-56.84
58.8
-56.84
58.8
-56.84
58.8
-55.86
58.8
-55.86
58.8
-55.86
58.8
-54.88
57.82
-54.88
57.82
-53.9
57.82
-53.9
57.82
-52.92
56.84
-52.92
55.86
-51.94
55.86
-50.96
54.88
-49.98
52.92
53.9
-49.98
51.94
-49
51.94
-49
50.96
-48.02
49.98
-48.02
49.98
-47.04
49
-46.06
49
-45.08
48.02
-45.08
48.02
-44.1
47.04
-43.12
46.06
-43.12
46.06
-42.14
45.08
-41.16
44.1
-40.18
43.12
-39.2
43.12
-38.22
42.14
-37.24
41.16
-36.26
-35.28
40.18
-34.3
39.2
-33.32
38.22
-33.32
37.24
-32.34
35.28
36.26
-31.36
34.3
-30.38
-29.4
33.32
-28.42
-27.44
31.36
32.34
-26.46
-25.48
-24.5
29.4
30.38
-23.52
-22.54
-21.56
-20.58
-0.98
0
0.98
1.96
21.56
22.54
23.52
24.5
25.48
26.46
27.44
28.42
-19.6
-18.62
-17.64
-2.94
-1.96
2.94
3.92
18.62
19.6
20.58
-16.66
-15.68
-14.7
-13.72
-12.74
-5.88
-4.9
-3.92
4.9
5.88
15.68
16.66
17.64
-11.76
-10.78
-9.8
-8.82
-7.84
-6.86
6.86
7.84
8.82
9.8
10.78
11.76
12.74
13.72
14.7
-12.74
-11.76
-10.78
-9.8
-16.66
-15.68
-14.7
-13.72
-8.82
-7.84
-6.86
-19.6
-18.62
-17.64
-5.88
-4.9
11.76
12.74
13.72
-21.56
-20.58
-3.92
9.8
10.78
14.7
15.68
16.66
-23.52
-22.54
-2.94
7.84
8.82
17.64
18.62
19.6
20.58
-25.48
-24.5
-1.96
6.86
21.56
22.54
23.52
24.5
-26.46
-1.96
5.88
25.48
26.46
-27.44
-0.98
0
4.9
27.44
28.42
-29.4
-28.42
0.98
1.96
2.94
3.92
29.4
30.38
-30.38
31.36
-31.36
32.34
-33.32
-32.34
33.32
-34.3
34.3
-36.26
-35.28
35.28
-38.22
-37.24
36.26
-40.18
-39.2
37.24
-42.14
-41.16
38.22
39.2
-43.12
40.18
41.16
-45.08
-44.1
42.14
-46.06
43.12
44.1
-47.04
45.08
-47.04
46.06
-48.02
47.04
-49
48.02
-49
49
-49.98
49.98
-50.96
50.96
-50.96
51.94
-51.94
51.94
-52.92
52.92
-52.92
53.9
-53.9
53.9
-53.9
54.88
-54.88
54.88
-54.88
55.86
-55.86
55.86
-55.86
56.84
-56.84
56.84
-57.82
57.82
-58.8
58.8
-59.78
59.78
-60.76
59.78
-61.74
60.76
-61.74
61.74
-62.72
61.74
-63.7
62.72
-63.7
62.72
-63.7
62.72
-64.68
63.7
-64.68
63.7
-64.68
63.7
-64.68
63.7
-64.68
63.7
-64.68
63.7
-64.68
64.68
-64.68
64.68
-65.66
65.66
-65.66
66.64
-65.66
66.64
-66.64
67.62
-66.64
68.6
-66.64
68.6
-67.62
69.58
-67.62
69.58
-67.62
69.58
-67.62
69.58
-67.62
-19.6
-18.62
69.58
-67.62
-20.58
-19.6
-18.62
-17.64
-16.66
69.58
-66.64
-20.58
-15.68
21.56
22.54
70.56
-66.64
-21.56
-14.7
18.62
19.6
20.58
21.56
22.54
23.52
69.58
-66.64
-21.56
-13.72
17.64
23.52
69.58
-66.64
-21.56
-12.74
16.66
23.52
69.58
-66.64
-20.58
-11.76
15.68
23.52
69.58
-66.64
-20.58
-11.76
14.7
23.52
68.6
-66.64
-20.58
-10.78
13.72
22.54
68.6
-66.64
-19.6
-9.8
12.74
22.54
67.62
-66.64
-18.62
-9.8
11.76
21.56
67.62
-66.64
-18.62
-8.82
11.76
21.56
67.62
-66.64
-17.64
-7.84
10.78
20.58
67.62
-66.64
-16.66
-7.84
9.8
19.6
67.62
-66.64
-15.68
-6.86
9.8
18.62
67.62
-66.64
-15.68
-6.86
8.82
17.64
68.6
-66.64
-14.7
-6.86
8.82
16.66
68.6
-65.66
-13.72
-12.74
-5.88
7.84
15.68
68.6
-65.66
-12.74
-11.76
-6.86
7.84
14.7
15.68
68.6
-65.66
-11.76
-10.78
-9.8
-6.86
7.84
13.72
14.7
68.6
-65.66
-11.76
-10.78
-9.8
-8.82
-7.84
-6.86
7.84
12.74
13.72
68.6
-65.66
-10.78
-9.8
-8.82
-7.84
-6.86
7.84
11.76
12.74
13.72
68.6
-66.64
-9.8
-8.82
-7.84
-6.86
-5.88
7.84
8.82
9.8
10.78
11.76
12.74
67.62
-66.64
-9.8
-8.82
-7.84
-6.86
-5.88
7.84
8.82
9.8
10.78
11.76
67.62
-66.64
-8.82
-7.84
-6.86
-5.88
7.84
8.82
9.8
10.78
11.76
67.62
-67.62
-8.82
-7.84
-6.86
-5.88
-4.9
7.84
8.82
9.8
10.78
11.76
67.62
-67.62
-8.82
-7.84
-6.86
-5.88
-4.9
6.86
7.84
8.82
9.8
10.78
68.6
-67.62
-8.82
-7.84
-6.86
-5.88
-4.9
-3.92
6.86
7.84
8.82
9.8
10.78
68.6
-67.62
-8.82
-7.84
-6.86
-5.88
-4.9
-3.92
5.88
6.86
7.84
8.82
9.8
10.78
68.6
-67.62
-8.82
-7.84
-2.94
5.88
9.8
10.78
69.58
-67.62
-8.82
-7.84
-1.96
3.92
4.9
9.8
10.78
69.58
-67.62
-8.82
-0.98
0
0.98
1.96
2.94
10.78
69.58
-67.62
-8.82
10.78
69.58
-66.64
-8.82
10.78
69.58
-66.64
-9.8
10.78
69.58
-65.66
-9.8
10.78
68.6
-65.66
-9.8
10.78
68.6
-65.66
-9.8
10.78
67.62
-64.68
-9.8
10.78
67.62
-64.68
-9.8
10.78
67.62
-64.68
-9.8
10.78
66.64
-64.68
-9.8
10.78
66.64
-64.68
-9.8
10.78
66.64
-64.68
-9.8
10.78
66.64
-64.68
-8.82
10.78
66.64
-63.7
-8.82
9.8
66.64
-63.7
-8.82
-1.96
-0.98
0
0.98
1.96
2.94
9.8
66.64
-63.7
-7.84
-3.92
-2.94
-1.96
-0.98
0
0.98
1.96
2.94
3.92
4.9
8.82
66.64
-63.7
-6.86
-5.88
-4.9
-3.92
-2.94
3.92
4.9
5.88
6.86
7.84
65.66
-62.72
-5.88
65.66
-61.74
64.68
-61.74
64.68
-60.76
63.7
-60.76
63.7
-60.76
62.72
-59.78
62.72
-59.78
61.74
-59.78
61.74
-58.8
61.74
-58.8
61.74
-57.82
61.74
-57.82
60.76
-57.82
60.76
-57.82
60.76
-57.82
59.78
-57.82
59.78
-56.84
58.8
-56.84
58.8
-56.84
58.8
-55.86
58.8
-55.86
57.82
-55.86
57.82
-54.88
57.82
-54.88
57.82
-53.9
57.82
-53.9
57.82
-53.9
56.84
-52.92
55.86
-51.94
55.86
-51.94
53.9
54.88
-50.96
52.92
53.9
-49.98
51.94
-49.98
50.96
-49
50.96
-48.02
49.98
-48.02
49.98
-47.04
49
-47.04
49
-46.06
48.02
-45.08
48.02
-44.1
47.04
-44.1
46.06
-43.12
46.06
-42.14
45.08
-41.16
44.1
-41.16
44.1
-40.18
-39.2
43.12
-38.22
42.14
-37.24
42.14
-36.26
41.16
-35.28
40.18
-34.3
39.2
-33.32
38.22
-32.34
36.26
37.24
-31.36
35.28
-30.38
33.32
34.3
-29.4
-28.42
32.34
-27.44
-26.46
31.36
-25.48
-24.5
-23.52
-22.54
0
0.98
29.4
30.38
-21.56
-20.58
-19.6
-1.96
-0.98
1.96
2.94
20.58
21.56
22.54
23.52
24.5
25.48
26.46
27.44
28.42
-18.62
-17.64
-16.66
-3.92
-2.94
3.92
17.64
18.62
19.6
-15.68
-14.7
-13.72
-12.74
-11.76
-10.78
-9.8
-8.82
-7.84
-6.86
-5.88
-4.9
4.9
5.88
6.86
14.7
15.68
16.66
7.84
8.82
9.8
10.78
11.76
12.74
13.72
-15.68
-14.7
-13.72
-12.74
-11.76
-10.78
-9.8
-8.82
-7.84
-18.62
-17.64
-16.66
-6.86
-5.88
-20.58
-19.6
-4.9
10.78
11.76
12.74
13.72
14.7
15.68
-22.54
-21.56
-3.92
8.82
9.8
16.66
17.64
-24.5
-23.52
-2.94
7.84
18.62
19.6
20.58
-25.48
-1.96
6.86
21.56
22.54
23.52
24.5
25.48
-27.44
-26.46
-0.98
4.9
5.88
26.46
27.44
-28.42
0
3.92
28.42
29.4
-29.4
0.98
1.96
2.94
30.38
-30.38
31.36
-32.34
-31.36
32.34
33.32
-34.3
-33.32
34.3
-35.28
35.28
-38.22
-37.24
-36.26
36.26
-40.18
-39.2
37.24
-41.16
38.22
39.2
-43.12
-42.14
40.18
-44.1
41.16
42.14
-45.08
43.12
-46.06
44.1
45.08
-47.04
46.06
-48.02
47.04
-49
48.02
-49
49
-49.98
49.98
-50.96
50.96
-50.96
50.96
-51.94
51.94
-52.92
52.92
-52.92
52.92
-53.9
53.9
-53.9
53.9
-54.88
54.88
-54.88
54.88
-55.86
55.86
-55.86
56.84
-56.84
56.84
-57.82
57.82
-58.8
58.8
-59.78
59.78
-60.76
59.78
-61.74
60.76
-61.74
61.74
-62.72
61.74
-62.72
62.72
-63.7
62.72
-63.7
62.72
-63.7
63.7
-64.68
63.7
-64.68
63.7
-64.68
63.7
-64.68
63.7
-64.68
63.7
-64.68
64.68
-64.68
64.68
-64.68
65.66
-65.66
66.64
-65.66
66.64
-65.66
67.62
-66.64
68.6
-66.64
68.6
-66.64
68.6
-67.62
69.58
-67.62
69.58
-67.62
69.58
-67.62
69.58
-67.62
69.58
-66.64
-19.6
-18.62
-17.64
-16.66
69.58
-66.64
-20.58
-19.6
-16.66
-15.68
69.58
-66.64
-20.58
-14.7
18.62
19.6
20.58
21.56
22.54
69.58
-66.64
-20.58
-13.72
17.64
21.56
22.54
69.58
-66.64
-20.58
-12.74
16.66
22.54
69.58
-66.64
-20.58
-11.76
15.68
22.54
68.6
-66.64
-19.6
-11.76
14.7
22.54
68.6
-66.64
-19.6
-10.78
13.72
22.54
67.62
-67.62
-19.6
-9.8
12.74
21.56
67.62
-67.62
-18.62
-9.8
11.76
21.56
67.62
-67.62
-17.64
-8.82
11.76
20.58
67.62
-67.62
-17.64
-7.84
10.78
19.6
67.62
-67.62
-16.66
-7.84
9.8
19.6
67.62
-66.64
-15.68
-6.86
9.8
18.62
67.62
-66.64
-15.68
-6.86
8.82
17.64
68.6
-66.64
-14.7
-5.88
8.82
16.66
68.6
-66.64
-13.72
-5.88
7.84
16.66
68.6
-66.64
-13.72
-12.74
-5.88
7.84
15.68
68.6
-66.64
-12.74
-5.88
7.84
14.7
68.6
-66.64
-11.76
-5.88
6.86
14.7
67.62
-66.64
-11.76
-10.78
-4.9
6.86
13.72
67.62
-66.64
-10.78
-4.9
6.86
12.74
13.72
67.62
-66.64
-10.78
-9.8
-4.9
6.86
12.74
67.62
-67.62
-10.78
-9.8
-3.92
6.86
12.74
67.62
-67.62
-9.8
-3.92
5.88
11.76
12.74
68.6
-67.62
-9.8
-2.94
5.88
11.76
68.6
-67.62
-9.8
-2.94
4.9
11.76
68.6
-67.62
-9.8
-1.96
4.9
11.76
69.58
-67.62
-9.8
-1.96
3.92
11.76
69.58
-67.62
-9.8
-0.98
0
2.94
11.76
69.58
-67.62
-9.8
0.98
1.96
11.76
69.58
-66.64
-9.8
11.76
69.58
-66.64
-9.8
11.76
69.58
-65.66
-9.8
11.76
68.6
-65.66
-9.8
11.76
68.6
-64.68
-9.8
11.76
68.6
-64.68
-9.8
11.76
67.62
-64.68
-9.8
11.76
67.62
-64.68
-9.8
11.76
66.64
-64.68
-9.8
10.78
66.64
-64.68
-9.8
10.78
66.64
-64.68
-8.82
-0.98
0
0.98
1.96
10.78
66.64
-64.68
-8.82
-2.94
-1.96
-0.98
0
0.98
1.96
2.94
3.92
9.8
66.64
-63.7
-7.84
-4.9
-3.92
-2.94
-1.96
-0.98
0
0.98
1.96
2.94
3.92
4.9
9.8
66.64
-63.7
-7.84
-6.86
-5.88
-4.9
-3.92
-2.94
3.92
4.9
5.88
6.86
7.84
8.82
66.64
-63.7
-6.86
-5.88
-4.9
5.88
6.86
7.84
65.66
-62.72
65.66
-62.72
65.66
-61.74
64.68
-61.74
64.68
-60.76
63.7
-60.76
63.7
-60.76
62.72
-59.78
62.72
-59.78
61.74
-59.78
61.74
-58.8
61.74
-58.8
61.74
-58.8
61.74
-57.82
60.76
-57.82
60.76
-57.82
59.78
-57.82
59.78
-57.82
58.8
-56.84
58.8
-56.84
58.8
-56.84
57.82
-55.86
57.82
-55.86
57.82
-54.88
57.82
-54.88
57.82
-53.9
57.82
-53.9
56.84
-53.9
56.84
-52.92
55.86
-52.92
55.86
-51.94
53.9
54.88
-50.96
52.92
-50.96
51.94
-49.98
50.96
-49
50.96
-49
49.98
-48.02
49.98
-48.02
49
-47.04
49
-47.04
48.02
-46.06
48.02
-45.08
47.04
-44.1
47.04
-43.12
46.06
-43.12
45.08
-42.14
45.08
-41.16
44.1
-40.18
43.12
-39.2
42.14
-38.22
-37.24
42.14
-36.26
41.16
-35.28
40.18
-34.3
39.2
-33.32
38.22
-32.34
37.24
-31.36
36.26
-31.36
34.3
35.28
-30.38
-29.4
33.32
-28.42
-27.44
32.34
-26.46
-25.48
-24.5
30.38
31.36
-23.52
-22.54
-21.56
-0.98
0
0.98
27.44
28.42
29.4
-20.58
-19.6
-18.62
-2.94
-1.96
1.96
2.94
20.58
21.56
22.54
23.52
24.5
25.48
26.46
-17.64
-16.66
-15.68
-14.7
-13.72
-12.74
-11.76
-10.78
-5.88
-4.9
-3.92
3.92
4.9
17.64
18.62
19.6
-9.8
-8.82
-7.84
-6.86
5.88
6.86
7.84
8.82
9.8
10.78
11.76
12.74
13.72
14.7
15.68
16.66
-14.7
-13.72
-12.74
-11.76
-10.78
-9.8
-17.64
-16.66
-15.68
-8.82
-7.84
-6.86
-20.58
-19.6
-18.62
-5.88
11.76
12.74
13.72
-22.54
-21.56
-4.9
9.8
10.78
14.7
15.68
-23.52
-3.92
7.84
8.82
16.66
17.64
-25.48
-24.5
-2.94
6.86
18.62
19.6
20.58
-26.46
-1.96
5.88
21.56
22.54
23.52
24.5
25.48
-27.44
-0.98
4.9
26.46
27.44
28.42
-28.42
0
0.98
1.96
2.94
3.92
29.4
-30.38
-29.4
30.38
31.36
-31.36
32.34
-33.32
-32.34
33.32
-35.28
-34.3
34.3
-37.24
-36.26
35.28
-39.2
-38.22
36.26
-41.16
-40.18
37.24
38.22
-42.14
39.2
40.18
-44.1
-43.12
41.16
42.14
-45.08
43.12
-46.06
44.1
45.08
-47.04
46.06
-48.02
47.04
-48.02
48.02
-49
49
-49.98
49.98
-50.96
50.96
-50.96
50.96
-51.94
51.94
-52.92
52.92
-52.92
52.92
-53.9
53.9
-53.9
53.9
-54.88
54.88
-54.88
54.88
-55.86
55.86
-56.84
56.84
-56.84
56.84
-57.82
57.82
-58.8
58.8
-59.78
59.78
-60.76
59.78
-61.74
60.76
-61.74
61.74
-62.72
61.74
-62.72
62.72
-63.7
62.72
-63.7
62.72
-63.7
63.7
-64.68
63.7
-64.68
63.7
-64.68
63.7
-64.68
63.7
-64.68
64.68
-64.68
64.68
-64.68
64.68
-64.68
65.66
-65.66
66.64
-65.66
66.64
-65.66
67.62
-66.64
68.6
-66.64
68.6
-66.64
68.6
-67.62
69.58
-67.62
69.58
-67.62
69.58
-67.62
69.58
-67.62
69.58
-66.64
69.58
-66.64
-18.62
-17.64
69.58
-66.64
-19.6
-18.62
-17.64
-16.66
-15.68
69.58
-66.64
-19.6
-18.62
-15.68
-14.7
18.62
19.6
20.58
69.58
-66.64
-19.6
-14.7
-13.72
17.64
18.62
19.6
20.58
21.56
69.58
-66.64
-19.6
-13.72
-12.74
16.66
21.56
68.6
-67.62
-19.6
-12.74
15.68
21.56
68.6
-67.62
-19.6
-11.76
14.7
21.56
67.62
-67.62
-18.62
-10.78
13.72
21.56
67.62
-67.62
-18.62
-9.8
12.74
13.72
20.58
67.62
-67.62
-18.62
-9.8
12.74
20.58
67.62
-67.62
-17.64
-8.82
11.76
19.6
67.62
-67.62
-16.66
-8.82
10.78
19.6
67.62
-67.62
-16.66
-7.84
10.78
18.62
67.62
-67.62
-15.68
-7.84
9.8
18.62
67.62
-66.64
-15.68
-6.86
9.8
17.64
68.6
-66.64
-14.7
-6.86
8.82
17.64
68.6
-66.64
-14.7
-5.88
8.82
16.66
68.6
-66.64
-13.72
-5.88
7.84
15.68
68.6
-66.64
-12.74
-5.88
7.84
15.68
67.62
-66.64
-12.74
-4.9
7.84
14.7
67.62
-66.64
-11.76
-4.9
6.86
14.7
67.62
-66.64
-11.76
-4.9
6.86
13.72
67.62
-66.64
-11.76
-3.92
6.86
13.72
67.62
-67.62
-10.78
-3.92
5.88
13.72
68.6
-67.62
-10.78
-3.92
5.88
12.74
68.6
-67.62
-10.78
-2.94
5.88
12.74
68.6
-67.62
-10.78
-2.94
4.9
12.74
69.58
-67.62
-10.78
-1.96
4.9
12.74
69.58
-67.62
-10.78
-1.96
3.92
12.74
69.58
-66.64
-10.78
-0.98
0
2.94
12.74
69.58
-66.64
-10.78
-0.98
0
0.98
1.96
2.94
12.74
69.58
-66.64
-10.78
0
0.98
1.96
11.76
69.58
-65.66
-10.78
11.76
68.6
-65.66
-10.78
11.76
68.6
-64.68
-10.78
11.76
68.6
-64.68
-10.78
11.76
67.62
-64.68
-9.8
-0.98
0
0.98
1.96
11.76
67.62
-64.68
-9.8
-1.96
-0.98
0
0.98
1.96
2.94
11.76
66.64
-64.68
-9.8
-2.94
-1.96
-0.98
0
0.98
1.96
2.94
3.92
10.78
66.64
-64.68
-8.82
-3.92
-2.94
-1.96
-0.98
0
0.98
1.96
2.94
3.92
4.9
10.78
66.64
-63.7
-7.84
-5.88
-4.9
-3.92
-2.94
-1.96
2.94
3.92
4.9
5.88
9.8
66.64
-63.7
-7.84
-6.86
-5.88
-4.9
-3.92
4.9
5.88
6.86
7.84
8.82
66.64
-63.7
-6.86
-5.88
5.88
6.86
7.84
8.82
66.64
-63.7
65.66
-63.7
65.66
-62.72
65.66
-62.72
65.66
-61.74
64.68
-61.74
64.68
-60.76
63.7
-60.76
62.72
-60.76
62.72
-59.78
61.74
-59.78
61.74
-59.78
61.74
-58.8
61.74
-58.8
61.74
-58.8
60.76
-57.82
60.76
-57.82
60.76
-57.82
59.78
-57.82
59.78
-56.84
58.8
-56.84
58.8
-56.84
57.82
-55.86
57.82
-55.86
57.82
-54.88
57.82
-54.88
56.84
-54.88
56.84
-53.9
56.84
-53.9
56.84
-52.92
55.86
-52.92
55.86
-51.94
53.9
54.88
-50.96
52.92
-50.96
51.94
-49.98
50.96
-49.98
49.98
-49
49.98
-49
49.98
-48.02
49
-48.02
49
-47.04
48.02
-46.06
48.02
-46.06
47.04
-45.08
47.04
-44.1
46.06
-43.12
45.08
-42.14
45.08
-41.16
44.1
-40.18
43.12
-39.2
43.12
-38.22
42.14
-37.24
41.16
-36.26
40.18
-35.28
40.18
-34.3
39.2
-33.32
38.22
-32.34
36.26
37.24
-31.36
35.28
-30.38
33.32
34.3
-29.4
-28.42
32.34
-27.44
-26.46
-25.48
31.36
-24.5
-23.52
-22.54
29.4
30.38
-21.56
-20.58
-19.6
-1.96
-0.98
0
0.98
1.96
23.52
24.5
25.48
26.46
27.44
28.42
-18.62
-17.64
-16.66
-3.92
-2.94
2.94
19.6
20.58
21.56
22.54
-15.68
-14.7
-13.72
-12.74
-11.76
-10.78
-9.8
-8.82
-7.84
-6.86
-5.88
-4.9
3.92
4.9
5.88
15.68
16.66
17.64
18.62
6.86
7.84
8.82
9.8
10.78
11.76
12.74
13.72
14.7
-16.66
-15.68
-14.7
-13.72
-12.74
-11.76
-10.78
-9.8
-8.82
-19.6
-18.62
-17.64
-7.84
-6.86
-21.56
-20.58
-5.88
9.8
10.78
11.76
12.74
13.72
14.7
-22.54
-4.9
8.82
15.68
16.66
-24.5
-23.52
-3.92
7.84
17.64
18.62
-25.48
-2.94
5.88
6.86
19.6
20.58
-26.46
-1.96
4.9
21.56
22.54
23.52
24.5
25.48
26.46
-27.44
-0.98
0
3.92
27.44
28.42
-29.4
-28.42
0.98
1.96
2.94
29.4
30.38
-30.38
31.36
-32.34
-31.36
32.34
-34.3
-33.32
33.32
34.3
-36.26
-35.28
35.28
-38.22
-37.24
36.26
-40.18
-39.2
37.24
-42.14
-41.16
38.22
39.2
-43.12
40.18
41.16
-45.08
-44.1
42.14
43.12
-46.06
44.1
-47.04
45.08
46.06
-47.04
47.04
-48.02
48.02
-49
49
-49.98
49.98
-49.98
49.98
-50.96
50.96
-51.94
51.94
-52.92
51.94
-52.92
52.92
-53.9
52.92
-53.9
53.9
-54.88
53.9
-54.88
54.88
-55.86
55.86
-56.84
55.86
-56.84
56.84
-57.82
57.82
-58.8
58.8
-59.78
59.78
-60.76
59.78
-60.76
60.76
-61.74
60.76
-62.72
61.74
-62.72
62.72
-62.72
62.72
-63.7
62.72
-63.7
63.7
-63.7
63.7
-64.68
63.7
-64.68
63.7
-64.68
64.68
-64.68
64.68
-64.68
64.68
-64.68
65.66
-64.68
65.66
-64.68
66.64
-65.66
66.64
-65.66
67.62
-66.64
67.62
-66.64
68.6
-66.64
68.6
-67.62
68.6
-67.62
69.58
-67.62
69.58
-67.62
69.58
-67.62
69.58
-67.62
69.58
-67.62
69.58
-67.62
69.58
-67.62
-17.64
-16.66
69.58
-67.62
-18.62
-17.64
-16.66
-15.68
68.6
-67.62
-18.62
-17.64
-15.68
-14.7
17.64
18.62
19.6
20.58
68.6
-67.62
-18.62
-13.72
16.66
17.64
18.62
19.6
20.58
68.6
-67.62
-18.62
-12.74
15.68
16.66
19.6
20.58
67.62
-67.62
-18.62
-11.76
14.7
15.68
20.58
67.62
-67.62
-18.62
-11.76
-10.78
14.7
20.58
67.62
-67.62
-17.64
-10.78
13.72
19.6
67.62
-67.62
-17.64
-9.8
12.74
19.6
67.62
-67.62
-16.66
-9.8
11.76
12.74
19.6
67.62
-67.62
-16.66
-8.82
11.76
18.62
67.62
-67.62
-16.66
-8.82
10.78
18.62
68.6
-67.62
-15.68
-7.84
10.78
17.64
68.6
-67.62
-15.68
-7.84
9.8
17.64
68.6
-66.64
-14.7
-6.86
9.8
16.66
68.6
-66.64
-14.7
-6.86
8.82
16.66
68.6
-66.64
-13.72
-6.86
8.82
15.68
68.6
-66.64
-13.72
-5.88
7.84
15.68
67.62
-66.64
-12.74
-5.88
7.84
15.68
67.62
-66.64
-12.74
-5.88
7.84
14.7
67.62
-66.64
-11.76
-5.88
-4.9
7.84
14.7
67.62
-67.62
-11.76
-4.9
6.86
13.72
68.6
-67.62
-11.76
-4.9
6.86
13.72
68.6
-67.62
-11.76
-4.9
-3.92
6.86
13.72
68.6
-67.62
-11.76
-3.92
5.88
13.72
69.58
-67.62
-10.78
-3.92
-2.94
5.88
12.74
69.58
-67.62
-10.78
-3.92
-2.94
4.9
12.74
69.58
-66.64
-10.78
-2.94
-1.96
3.92
4.9
12.74
69.58
-66.64
-10.78
-2.94
-1.96
3.92
4.9
12.74
69.58
-66.64
-10.78
-2.94
-1.96
-0.98
2.94
3.92
4.9
12.74
69.58
-65.66
-10.78
-2.94
-1.96
-0.98
0
0.98
1.96
2.94
3.92
12.74
69.58
-65.66
-10.78
-2.94
-1.96
-0.98
0
0.98
1.96
2.94
3.92
11.76
68.6
-64.68
-10.78
-2.94
-1.96
-0.98
0
0.98
1.96
2.94
3.92
4.9
11.76
68.6
-64.68
-9.8
-3.92
-2.94
-1.96
-0.98
0
0.98
1.96
2.94
3.92
4.9
11.76
67.62
-64.68
-9.8
-3.92
-2.94
-1.96
2.94
3.92
4.9
5.88
10.78
67.62
-63.7
-8.82
-5.88
-4.9
-3.92
-2.94
3.92
4.9
5.88
10.78
66.64
-63.7
-8.82
-7.84
-6.86
-5.88
-4.9
-3.92
4.9
5.88
6.86
7.84
8.82
9.8
66.64
-63.7
-7.84
-6.86
-5.88
-4.9
5.88
6.86
7.84
8.82
9.8
66.64
-63.7
-6.86
6.86
7.84
8.82
66.64
-63.7
66.64
-63.7
65.66
-63.7
65.66
-63.7
65.66
-62.72
65.66
-62.72
64.68
-61.74
64.68
-61.74
63.7
-60.76
63.7
-60.76
62.72
-59.78
62.72
-59.78
61.74
-59.78
61.74
-59.78
61.74
-58.8
61.74
-58.8
61.74
-58.8
60.76
-57.82
60.76
-57.82
60.76
-57.82
59.78
-56.84
58.8
-56.84
58.8
-56.84
57.82
-55.86
57.82
-55.86
56.84
-54.88
56.84
-54.88
56.84
-54.88
56.84
-53.9
56.84
-53.9
55.86
-52.92
55.86
-52.92
54.88
-51.94
53.9
54.88
-51.94
52.92
-50.96
51.94
-49.98
50.96
-49.98
49.98
-49
49.98
-49
49
-48.02
49
-48.02
49
-47.04
48.02
-47.04
48.02
-46.06
47.04
-45.08
47.04
-44.1
46.06
-43.12
46.06
-43.12
45.08
-42.14
44.1
-41.16
44.1
-40.18
43.12
-39.2
42.14
-38.22
-37.24
41.16
-36.26
40.18
-35.28
40.18
-34.3
39.2
-33.32
38.22
-32.34
37.24
-31.36
35.28
36.26
-30.38
34.3
-29.4
33.32
-28.42
-27.44
-26.46
31.36
32.34
-25.48
-24.5
-23.52
30.38
-22.54
-21.56
-20.58
0
27.44
28.42
29.4
-19.6
-18.62
-1.96
-0.98
0.98
1.96
22.54
23.52
24.5
25.48
26.46
-17.64
-16.66
-15.68
-14.7
-13.72
-12.74
-11.76
-10.78
-9.8
-8.82
-7.84
-5.88
-4.9
-3.92
-2.94
2.94
3.92
18.62
19.6
20.58
21.56
-6.86
4.9
5.88
6.86
7.84
8.82
9.8
10.78
11.76
12.74
13.72
14.7
15.68
16.66
17.64
-14.7
-13.72
-12.74
-11.76
-10.78
-17.64
-16.66
-15.68
-9.8
-8.82
-7.84
-20.58
-19.6
-18.62
-6.86
10.78
11.76
12.74
13.72
-21.56
-5.88
8.82
9.8
14.7
15.68
-23.52
-22.54
-4.9
-3.92
7.84
16.66
17.64
-24.5
-2.94
6.86
18.62
-25.48
-1.96
5.88
19.6
20.58
21.56
22.54
23.52
-27.44
-26.46
-0.98
3.92
4.9
24.5
25.48
26.46
27.44
-28.42
0
0.98
1.96
2.94
28.42
29.4
-29.4
30.38
-31.36
-30.38
31.36
32.34
-33.32
-32.34
33.32
-35.28
-34.3
34.3
-38.22
-37.24
-36.26
35.28
-40.18
-39.2
36.26
37.24
-41.16
38.22
-43.12
-42.14
39.2
40.18
41.16
-44.1
42.14
43.12
-45.08
44.1
-46.06
45.08
-47.04
46.06
47.04
-48.02
48.02
-49
48.02
-49.98
49
-49.98
49.98
-50.96
50.96
-51.94
51.94
-52.92
51.94
-52.92
52.92
-53.9
52.92
-53.9
53.9
-54.88
53.9
-54.88
54.88
-55.86
55.86
-56.84
55.86
-56.84
56.84
-57.82
57.82
-58.8
58.8
-59.78
58.8
-60.76
59.78
-60.76
60.76
-61.74
60.76
-61.74
61.74
-62.72
61.74
-62.72
62.72
-63.7
62.72
-63.7
63.7
-63.7
63.7
-63.7
63.7
-64.68
64.68
-64.68
64.68
-64.68
64.68
-64.68
64.68
-64.68
65.66
-64.68
65.66
-65.66
66.64
-65.66
67.62
-65.66
67.62
-66.64
67.62
-66.64
68.6
-66.64
68.6
-67.62
68.6
-67.62
69.58
-67.62
69.58
-67.62
69.58
-67.62
69.58
-67.62
69.58
-67.62
69.58
-67.62
69.58
-67.62
69.58
-67.62
68.6
-67.62
-16.66
68.6
-67.62
-17.64
-16.66
-15.68
-14.7
68.6
-67.62
-17.64
-16.66
-15.68
-14.7
-13.72
17.64
18.62
68.6
-68.6
-17.64
-16.66
-14.7
-13.72
-12.74
16.66
17.64
18.62
19.6
67.62
-68.6
-17.64
-12.74
15.68
16.66
17.64
18.62
19.6
67.62
-68.6
-17.64
-11.76
14.7
15.68
16.66
18.62
67.62
-68.6
-16.66
-11.76
-10.78
13.72
14.7
18.62
67.62
-68.6
-16.66
-10.78
13.72
18.62
67.62
-67.62
-16.66
-9.8
12.74
13.72
18.62
68.6
-67.62
-15.68
-9.8
11.76
12.74
18.62
68.6
-67.62
-15.68
-8.82
11.76
17.64
68.6
-67.62
-15.68
-8.82
10.78
11.76
17.64
68.6
-67.62
-14.7
-8.82
-7.84
10.78
16.66
68.6
-67.62
-14.7
-7.84
9.8
10.78
16.66
68.6
-66.64
-13.72
-7.84
9.8
16.66
68.6
-66.64
-13.72
-7.84
-6.86
8.82
9.8
15.68
67.62
-66.64
-12.74
-7.84
-6.86
8.82
9.8
15.68
67.62
-66.64
-12.74
-6.86
8.82
14.7
67.62
-66.64
-12.74
-6.86
8.82
14.7
67.62
-66.64
-11.76
-6.86
-5.88
7.84
8.82
14.7
68.6
-67.62
-11.76
-6.86
-5.88
7.84
13.72
68.6
-67.62
-11.76
-5.88
7.84
13.72
68.6
-67.62
-11.76
-5.88
-4.9
6.86
7.84
13.72
69.58
-67.62
-11.76
-5.88
-4.9
6.86
7.84
12.74
69.58
-66.64
-11.76
-5.88
-4.9
5.88
6.86
12.74
69.58
-66.64
-10.78
-5.88
-4.9
-3.92
5.88
6.86
12.74
69.58
-66.64
-10.78
-4.9
-3.92
5.88
6.86
12.74
69.58
-66.64
-10.78
-4.9
-3.92
5.88
6.86
11.76
69.58
-65.66
-10.78
-5.88
-4.9
-3.92
4.9
5.88
6.86
11.76
69.58
-65.66
-10.78
-5.88
-4.9
-3.92
4.9
5.88
6.86
7.84
11.76
68.6
-64.68
-9.8
-6.86
-5.88
-4.9
-3.92
5.88
6.86
7.84
10.78
68.6
-64.68
-8.82
-7.84
-6.86
-5.88
-4.9
5.88
6.86
7.84
8.82
9.8
10.78
67.62
-63.7
-8.82
-7.84
-6.86
-5.88
-4.9
6.86
7.84
8.82
9.8
67.62
-63.7
-7.84
-6.86
6.86
7.84
8.82
9.8
66.64
-63.7
66.64
-63.7
66.64
-63.7
66.64
-63.7
65.66
-63.7
65.66
-63.7
65.66
-63.7
65.66
-62.72
65.66
-62.72
64.68
-61.74
64.68
-60.76
63.7
-60.76
63.7
-59.78
62.72
-59.78
61.74
-59.78
61.74
-59.78
61.74
-58.8
61.74
-58.8
61.74
-58.8
60.76
-57.82
60.76
-57.82
60.76
-57.82
59.78
-56.84
59.78
-56.84
58.8
-56.84
57.82
-55.86
57.82
-55.86
56.84
-55.86
56.84
-54.88
55.86
-54.88
55.86
-53.9
55.86
-53.9
55.86
-52.92
55.86
-52.92
54.88
-51.94
53.9
-51.94
52.92
-50.96
51.94
-49.98
50.96
-49.98
49.98
-49.98
49.98
-49
49
-49
49
-48.02
49
-48.02
48.02
-47.04
48.02
-47.04
47.04
-46.06
47.04
-45.08
46.06
-44.1
46.06
-43.12
45.08
-42.14
44.1
-41.16
44.1
-40.18
43.12
-39.2
42.14
-38.22
42.14
-37.24
41.16
-36.26
40.18
-35.28
39.2
-34.3
38.22
-33.32
37.24
-32.34
35.28
36.26
-31.36
-30.38
34.3
-29.4
33.32
-28.42
-27.44
-26.46
31.36
32.34
-25.48
-24.5
-23.52
30.38
31.36
-22.54
-21.56
28.42
29.4
-20.58
-19.6
-0.98
0
0.98
24.5
25.48
26.46
27.44
-18.62
-17.64
-16.66
-2.94
-1.96
1.96
2.94
20.58
21.56
22.54
23.52
-15.68
-14.7
-13.72
-12.74
-11.76
-10.78
-9.8
-8.82
-7.84
-6.86
-5.88
-4.9
-3.92
3.92
4.9
5.88
6.86
17.64
18.62
19.6
7.84
8.82
9.8
10.78
11.76
12.74
13.72
14.7
15.68
16.66
-15.68
-14.7
-13.72
-12.74
-11.76
-10.78
-9.8
-18.62
-17.64
-16.66
-8.82
-7.84
-20.58
-19.6
-6.86
-5.88
9.8
10.78
11.76
12.74
13.72
14.7
-22.54
-21.56
-4.9
8.82
15.68
16.66
-23.52
-3.92
6.86
7.84
17.64
-25.48
-24.5
-2.94
5.88
18.62
19.6
-26.46
-1.96
4.9
20.58
21.56
22.54
23.52
24.5
25.48
-27.44
-0.98
0
3.92
26.46
27.44
28.42
-28.42
0.98
1.96
2.94
29.4
-30.38
-29.4
30.38
31.36
-32.34
-31.36
32.34
-34.3
-33.32
33.32
-37.24
-36.26
-35.28
34.3
35.28
-39.2
-38.22
36.26
-41.16
-40.18
37.24
38.22
-42.14
39.2
40.18
-44.1
-43.12
41.16
42.14
-45.08
43.12
44.1
-46.06
45.08
-47.04
46.06
-48.02
47.04
-49
48.02
-49
49
-49.98
49.98
-50.96
50.96
-51.94
50.96
-51.94
51.94
-52.92
51.94
-53.9
52.92
-53.9
52.92
-54.88
53.9
-54.88
54.88
-55.86
54.88
-55.86
55.86
-56.84
56.84
-57.82
57.82
-58.8
58.8
-59.78
58.8
-59.78
59.78
-60.76
60.76
-61.74
60.76
-61.74
61.74
-62.72
61.74
-62.72
62.72
-62.72
62.72
-63.7
63.7
-63.7
63.7
-63.7
63.7
-64.68
64.68
-64.68
64.68
-64.68
64.68
-64.68
65.66
-64.68
65.66
-64.68
65.66
-65.66
66.64
-65.66
67.62
-65.66
67.62
-66.64
67.62
-66.64
68.6
-66.64
68.6
-67.62
68.6
-67.62
68.6
-67.62
69.58
-67.62
69.58
-67.62
69.58
-67.62
69.58
-67.62
69.58
-67.62
69.58
-67.62
69.58
-67.62
68.6
-67.62
68.6
-67.62
68.6
-68.6
68.6
-68.6
-15.68
68.6
-68.6
-16.66
-15.68
-14.7
-13.72
67.62
-68.6
-16.66
-15.68
-14.7
-13.72
-12.74
17.64
67.62
-68.6
-15.68
-14.7
-13.72
-12.74
15.68
16.66
17.64
67.62
-68.6
-15.68
-12.74
-11.76
14.7
15.68
16.66
17.64
68.6
-68.6
-15.68
-12.74
-11.76
-10.78
14.7
15.68
16.66
17.64
68.6
-68.6
-15.68
-11.76
-10.78
13.72
14.7
15.68
16.66
17.64
68.6
-67.62
-14.7
-10.78
-9.8
12.74
13.72
16.66
68.6
-67.62
-14.7
-10.78
-9.8
12.74
16.66
68.6
-67.62
-14.7
-9.8
11.76
12.74
16.66
68.6
-67.62
-13.72
-9.8
-8.82
11.76
16.66
68.6
-67.62
-13.72
-9.8
-8.82
10.78
11.76
15.68
68.6
-67.62
-13.72
-9.8
-8.82
10.78
11.76
15.68
68.6
-66.64
-12.74
-9.8
-8.82
10.78
15.68
67.62
-66.64
-12.74
-8.82
-7.84
9.8
10.78
14.7
67.62
-66.64
-11.76
-8.82
-7.84
9.8
10.78
14.7
67.62
-66.64
-11.76
-8.82
-7.84
9.8
10.78
13.72
67.62
-66.64
-10.78
-8.82
-7.84
8.82
9.8
10.78
13.72
68.6
-66.64
-10.78
-9.8
-8.82
-7.84
-6.86
8.82
9.8
10.78
12.74
68.6
-66.64
-10.78
-9.8
-8.82
-7.84
-6.86
8.82
9.8
10.78
11.76
12.74
68.6
-66.64
-10.78
-9.8
-8.82
-7.84
-6.86
8.82
9.8
10.78
11.76
69.58
-66.64
-10.78
-9.8
-8.82
-7.84
-6.86
7.84
8.82
9.8
10.78
11.76
69.58
-66.64
-9.8
-8.82
-7.84
-6.86
7.84
8.82
9.8
10.78
11.76
69.58
-66.64
-9.8
-8.82
-7.84
-6.86
-5.88
7.84
8.82
9.8
10.78
11.76
69.58
-66.64
-9.8
-8.82
-7.84
-6.86
-5.88
7.84
8.82
9.8
10.78
69.58
-65.66
-9.8
-8.82
-7.84
-6.86
7.84
8.82
9.8
10.78
68.6
-65.66
-9.8
-8.82
-7.84
-6.86
8.82
9.8
10.78
68.6
-64.68
-8.82
-7.84
8.82
9.8
68.6
-64.68
67.62
-63.7
67.62
-63.7
66.64
-63.7
66.64
-63.7
66.64
-63.7
65.66
-63.7
65.66
-63.7
65.66
-63.7
65.66
-62.72
65.66
-62.72
64.68
-61.74
64.68
-61.74
64.68
-60.76
63.7
-60.76
62.72
-59.78
62.72
-59.78
61.74
-58.8
61.74
-58.8
61.74
-58.8
60.76
-58.8
60.76
-58.8
60.76
-57.82
60.76
-57.82
59.78
-57.82
59.78
-56.84
58.8
-56.84
57.82
-55.86
57.82
-55.86
56.84
-54.88
55.86
-54.88
55.86
-54.88
55.86
-53.9
55.86
-53.9
54.88
-52.92
54.88
-52.92
54.88
-51.94
53.9
-51.94
53.9
-50.96
51.94
52.92
-50.96
50.96
-49.98
49.98
-49.98
49.98
-49
49
-49
49
-48.02
49
-48.02
48.02
-48.02
48.02
-47.04
47.04
-46.06
47.04
-46.06
46.06
-45.08
46.06
-44.1
45.08
-43.12
44.1
-42.14
44.1
-41.16
43.12
-40.18
42.14
-39.2
42.14
-38.22
-37.24
41.16
-36.26
40.18
-36.26
39.2
-35.28
37.24
38.22
-34.3
-33.32
36.26
37.24
-32.34
35.28
36.26
-31.36
-30.38
33.32
34.3
-29.4
32.34
33.32
-28.42
-27.44
-26.46
31.36
32.34
-25.48
-24.5
30.38
-23.52
-22.54
28.42
29.4
-21.56
-20.58
24.5
25.48
26.46
27.44
-19.6
-18.62
-1.96
-0.98
0
0.98
1.96
22.54
23.52
-17.64
-16.66
-15.68
-14.7
-13.72
-12.74
-11.76
-10.78
-9.8
-3.92
-2.94
2.94
3.92
4.9
19.6
20.58
21.56
-8.82
-7.84
-6.86
-5.88
-4.9
5.88
6.86
7.84
8.82
9.8
10.78
11.76
12.74
13.72
14.7
15.68
16.66
17.64
18.62
-16.66
-15.68
-14.7
-13.72
-12.74
-11.76
-10.78
-9.8
-8.82
-19.6
-18.62
-17.64
-7.84
10.78
11.76
12.74
13.72
-21.56
-20.58
-6.86
-5.88
8.82
9.8
14.7
15.68
-22.54
-4.9
7.84
16.66
17.64
-24.5
-23.52
-3.92
6.86
18.62
-25.48
-2.94
-1.96
5.88
19.6
20.58
21.56
22.54
-26.46
-0.98
4.9
23.52
24.5
25.48
26.46
-28.42
-27.44
0
0.98
1.96
2.94
3.92
27.44
28.42
-29.4
29.4
30.38
-31.36
-30.38
31.36
-33.32
-32.34
32.34
33.32
-36.26
-35.28
-34.3
34.3
-39.2
-38.22
-37.24
35.28
-40.18
36.26
37.24
-42.14
-41.16
38.22
39.2
-43.12
40.18
41.16
42.14
-44.1
43.12
-46.06
-45.08
44.1
45.08
-46.06
46.06
-47.04
47.04
-48.02
48.02
-49
49
-49.98
49.98
-50.96
49.98
-51.94
50.96
-51.94
51.94
-52.92
51.94
-53.9
52.92
-53.9
52.92
-54.88
53.9
-54.88
54.88
-55.86
54.88
-55.86
55.86
-56.84
56.84
-57.82
57.82
-58.8
58.8
-58.8
58.8
-59.78
59.78
-60.76
60.76
-60.76
60.76
-61.74
61.74
-61.74
61.74
-62.72
62.72
-62.72
62.72
-63.7
63.7
-63.7
63.7
-63.7
63.7
-63.7
64.68
-64.68
64.68
-64.68
64.68
-64.68
65.66
-64.68
65.66
-64.68
66.64
-65.66
66.64
-65.66
67.62
-66.64
67.62
-66.64
67.62
-66.64
68.6
-67.62
68.6
-67.62
68.6
-67.62
68.6
-67.62
68.6
-67.62
68.6
-67.62
68.6
-67.62
69.58
-67.62
69.58
-67.62
69.58
-67.62
69.58
-67.62
68.6
-67.62
68.6
-67.62
68.6
-68.6
68.6
-68.6
68.6
-68.6
68.6
-68.6
68.6
-68.6
68.6
-68.6
-14.7
-13.72
68.6
-68.6
-14.7
-13.72
68.6
-68.6
-14.7
-13.72
-12.74
68.6
-68.6
-13.72
-12.74
-11.76
14.7
15.68
68.6
-68.6
-13.72
-12.74
-11.76
13.72
14.7
15.68
68.6
-67.62
-13.72
-12.74
-11.76
-10.78
13.72
14.7
15.68
68.6
-67.62
-12.74
-11.76
-10.78
12.74
13.72
14.7
15.68
68.6
-67.62
-12.74
-11.76
-10.78
12.74
13.72
14.7
68.6
-67.62
-12.74
-11.76
-10.78
12.74
13.72
14.7
68.6
-67.62
-11.76
-10.78
11.76
12.74
13.72
14.7
67.62
-66.64
-11.76
-10.78
-9.8
11.76
12.74
13.72
67.62
-66.64
-10.78
-9.8
11.76
12.74
13.72
67.62
-66.64
-10.78
-9.8
11.76
12.74
67.62
-66.64
-9.8
11.76
12.74
68.6
-66.64
11.76
68.6
-66.64
68.6
-66.64
68.6
-66.64
69.58
-66.64
69.58
-66.64
69.58
-65.66
69.58
-65.66
68.6
-64.68
68.6
-64.68
68.6
-64.68
67.62
-63.7
67.62
-63.7
66.64
-63.7
66.64
-63.7
66.64
-63.7
65.66
-63.7
65.66
-63.7
65.66
-63.7
65.66
-62.72
64.68
-62.72
64.68
-61.74
64.68
-61.74
63.7
-60.76
63.7
-59.78
62.72
-59.78
61.74
-58.8
61.74
-58.8
61.74
-58.8
60.76
-58.8
60.76
-58.8
60.76
-57.82
60.76
-57.82
59.78
-57.82
59.78
-56.84
58.8
-56.84
57.82
-55.86
57.82
-55.86
56.84
-54.88
55.86
-54.88
55.86
-53.9
54.88
-53.9
54.88
-53.9
54.88
-52.92
54.88
-52.92
54.88
-51.94
53.9
-51.94
53.9
-50.96
52.92
-50.96
51.94
-49.98
50.96
-49.98
49.98
-49
49
-49
49
-49
48.02
-48.02
48.02
-48.02
48.02
-47.04
47.04
-47.04
47.04
-46.06
46.06
-45.08
45.08
-44.1
45.08
-43.12
44.1
-42.14
44.1
-41.16
43.12
-40.18
42.14
-39.2
42.14
-38.22
41.16
-37.24
40.18
-36.26
39.2
-35.28
37.24
38.22
-34.3
36.26
-33.32
34.3
35.28
-32.34
-31.36
33.32
34.3
-30.38
-29.4
32.34
-28.42
-27.44
-26.46
30.38
31.36
-25.48
-24.5
29.4
30.38
-23.52
-22.54
27.44
28.42
29.4
-21.56
-20.58
25.48
26.46
27.44
-19.6
-18.62
0
0.98
23.52
24.5
-17.64
-16.66
-15.68
-14.7
-1.96
-0.98
1.96
2.94
3.92
20.58
21.56
22.54
-13.72
-12.74
-11.76
-10.78
-9.8
-8.82
-7.84
-6.86
-5.88
-4.9
-3.92
-2.94
4.9
5.88
6.86
7.84
8.82
9.8
10.78
11.76
12.74
13.72
18.62
19.6
14.7
15.68
16.66
17.64
-16.66
-15.68
-14.7
-13.72
-12.74
-11.76
-10.78
-9.8
-8.82
-19.6
-18.62
-17.64
-7.84
-6.86
9.8
10.78
11.76
12.74
13.72
14.7
-21.56
-20.58
-5.88
8.82
15.68
16.66
-23.52
-22.54
-4.9
-3.92
6.86
7.84
17.64
18.62
-24.5
-2.94
5.88
19.6
20.58
-26.46
-25.48
-1.96
4.9
21.56
22.54
23.52
24.5
-27.44
-0.98
3.92
25.48
26.46
27.44
-28.42
0
0.98
1.96
2.94
28.42
29.4
-30.38
-29.4
30.38
-32.34
-31.36
31.36
32.34
-36.26
-35.28
-34.3
-33.32
33.32
-38.22
-37.24
34.3
35.28
-40.18
-39.2
36.26
-41.16
37.24
38.22
-43.12
-42.14
39.2
40.18
41.16
-44.1
42.14
43.12
-45.08
44.1
45.08
-46.06
46.06
-47.04
47.04
-48.02
48.02
-49
49
-49.98
49
-50.96
49.98
-50.96
50.96
-51.94
50.96
-52.92
51.94
-52.92
51.94
-53.9
52.92
-53.9
53.9
-54.88
53.9
-54.88
54.88
-55.86
55.86
-56.84
56.84
-57.82
57.82
-57.82
57.82
-58.8
58.8
-59.78
59.78
-59.78
59.78
-60.76
60.76
-60.76
61.74
-61.74
61.74
-62.72
62.72
-62.72
62.72
-62.72
63.7
-63.7
63.7
-63.7
63.7
-63.7
64.68
-63.7
64.68
-64.68
64.68
-64.68
65.66
-64.68
65.66
-64.68
66.64
-65.66
66.64
-65.66
67.62
-66.64
67.62
-66.64
67.62
-66.64
68.6
-67.62
68.6
-67.62
68.6
-67.62
68.6
-67.62
68.6
-67.62
68.6
-67.62
68.6
-67.62
68.6
-67.62
68.6
-67.62
68.6
-67.62
68.6
-67.62
68.6
-67.62
68.6
-68.6
68.6
-68.6
68.6
-68.6
68.6
-68.6
68.6
-68.6
68.6
-68.6
68.6
-68.6
68.6
-68.6
68.6
-68.6
68.6
-68.6
68.6
-68.6
68.6
-68.6
68.6
-67.62
68.6
-67.62
68.6
-67.62
68.6
-67.62
67.62
-67.62
67.62
-66.64
67.62
-66.64
67.62
-66.64
67.62
-66.64
68.6
-66.64
68.6
-66.64
68.6
-66.64
68.6
-66.64
68.6
-66.64
68.6
-65.66
68.6
-65.66
68.6
-64.68
68.6
-64.68
68.6
-63.7
67.62
-63.7
67.62
-63.7
66.64
-63.7
66.64
-63.7
65.66
-63.7
65.66
-63.7
65.66
-63.7
65.66
-62.72
64.68
-62.72
64.68
-62.72
64.68
-61.74
63.7
-60.76
63.7
-59.78
62.72
-59.78
62.72
-58.8
61.74
-58.8
61.74
-58.8
60.76
-57.82
60.76
-57.82
60.76
-57.82
60.76
-57.82
59.78
-57.82
59.78
-56.84
58.8
-56.84
57.82
-55.86
57.82
-55.86
56.84
-54.88
55.86
-54.88
54.88
-53.9
54.88
-53.9
54.88
-52.92
53.9
-52.92
53.9
-52.92
53.9
-51.94
53.9
-51.94
53.9
-50.96
52.92
-50.96
51.94
-49.98
50.96
-49.98
49.98
-49
49.98
-49
49
-49
48.02
-48.02
48.02
-48.02
47.04
-48.02
47.04
-47.04
47.04
-46.06
46.06
-46.06
45.08
-45.08
45.08
-44.1
44.1
-43.12
43.12
-42.14
43.12
-41.16
42.14
-40.18
-39.2
42.14
-38.22
41.16
-37.24
40.18
-36.26
39.2
-35.28
37.24
38.22
-35.28
35.28
36.26
-34.3
-33.32
33.32
34.3
35.28
-32.34
32.34
33.32
-31.36
-30.38
31.36
32.34
-29.4
-28.42
-27.44
30.38
31.36
-26.46
-25.48
29.4
-24.5
-23.52
27.44
28.42
-22.54
-21.56
25.48
26.46
-20.58
-19.6
23.52
24.5
-18.62
-17.64
-16.66
-0.98
0
0.98
1.96
2.94
21.56
22.54
-15.68
-14.7
-13.72
-12.74
-11.76
-10.78
-2.94
-1.96
3.92
4.9
5.88
6.86
7.84
8.82
9.8
10.78
11.76
12.74
19.6
20.58
-9.8
-8.82
-7.84
-6.86
-5.88
-4.9
-3.92
13.72
14.7
15.68
16.66
17.64
18.62
-16.66
-15.68
-14.7
-13.72
-12.74
-11.76
-10.78
-9.8
-8.82
11.76
12.74
-19.6
-18.62
-17.64
-16.66
-15.68
-7.84
-6.86
8.82
9.8
10.78
13.72
14.7
15.68
-22.54
-21.56
-20.58
-5.88
-4.9
7.84
16.66
17.64
-23.52
-3.92
6.86
18.62
19.6
-25.48
-24.5
-2.94
5.88
20.58
21.56
22.54
-26.46
-1.96
4.9
23.52
24.5
25.48
-28.42
-27.44
-0.98
0
2.94
3.92
26.46
27.44
-29.4
0.98
1.96
28.42
29.4
-31.36
-30.38
30.38
31.36
-35.28
-34.3
-33.32
-32.34
32.34
-38.22
-37.24
-36.26
33.32
34.3
-40.18
-39.2
35.28
-41.16
36.26
37.24
-42.14
38.22
39.2
40.18
-44.1
-43.12
41.16
42.14
43.12
-45.08
44.1
-46.06
45.08
46.06
-47.04
47.04
-48.02
47.04
-49
48.02
-49.98
49
-49.98
49.98
-50.96
49.98
-51.94
50.96
-52.92
51.94
-52.92
51.94
-53.9
52.92
-53.9
52.92
-54.88
53.9
-54.88
54.88
-55.86
55.86
-56.84
56.84
-56.84
57.82
-57.82
57.82
-58.8
58.8
-59.78
59.78
-59.78
59.78
-60.76
60.76
-60.76
60.76
-61.74
61.74
-61.74
61.74
-62.72
62.72
-62.72
62.72
-63.7
63.7
-63.7
63.7
-63.7
64.68
-63.7
64.68
-64.68
64.68
-64.68
65.66
-64.68
65.66
-64.68
66.64
-65.66
66.64
-65.66
66.64
-66.64
67.62
-66.64
67.62
-66.64
67.62
-66.64
68.6
-67.62
68.6
-67.62
68.6
-67.62
68.6
-67.62
68.6
-67.62
68.6
-67.62
68.6
-67.62
68.6
-67.62
68.6
-67.62
68.6
-67.62
68.6
-67.62
68.6
-68.6
68.6
-68.6
68.6
-68.6
68.6
-68.6
68.6
-68.6
68.6
-68.6
68.6
-68.6
68.6
-68.6
68.6
-68.6
68.6
-68.6
68.6
-68.6
68.6
-68.6
68.6
-68.6
68.6
-67.62
68.6
-67.62
68.6
-67.62
67.62
-67.62
67.62
-66.64
67.62
-66.64
67.62
-66.64
67.62
-66.64
68.6
-66.64
68.6
-66.64
68.6
-66.64
68.6
-65.66
68.6
-65.66
68.6
-65.66
68.6
-65.66
68.6
-64.68
68.6
-64.68
67.62
-63.7
67.62
-63.7
67.62
-63.7
66.64
-62.72
66.64
-62.72
65.66
-62.72
65.66
-62.72
65.66
-62.72
64.68
-62.72
64.68
-62.72
64.68
-61.74
64.68
-61.74
63.7
-60.76
63.7
-59.78
62.72
-58.8
61.74
-57.82
61.74
-57.82
60.76
-57.82
60.76
-57.82
60.76
-57.82
59.78
-56.84
59.78
-56.84
59.78
-56.84
58.8
-55.86
57.82
-55.86
57.82
-54.88
56.84
-54.88
-53.9
55.86
-53.9
54.88
-53.9
54.88
-52.92
53.9
-52.92
53.9
-52.92
53.9
-52.92
53.9
-51.94
53.9
-51.94
53.9
-51.94
52.92
-50.96
52.92
-50.96
51.94
-49.98
50.96
-49.98
49.98
-49
49
-49
48.02
-49
48.02
-48.02
47.04
-48.02
47.04
-47.04
46.06
-47.04
46.06
-46.06
45.08
-45.08
44.1
-44.1
44.1
-43.12
43.12
-42.14
43.12
-41.16
42.14
-40.18
42.14
-39.2
41.16
-38.22
40.18
-37.24
39.2
40.18
-36.26
38.22
-35.28
35.28
36.26
37.24
-34.3
33.32
34.3
-33.32
32.34
-32.34
-31.36
31.36
-30.38
-29.4
-28.42
30.38
-27.44
-26.46
29.4
-25.48
-24.5
27.44
28.42
-23.52
-22.54
26.46
-21.56
-20.58
24.5
25.48
-19.6
-18.62
-17.64
22.54
23.52
-16.66
-15.68
-14.7
-13.72
-12.74
-1.96
-0.98
0
0.98
1.96
2.94
3.92
4.9
5.88
6.86
7.84
8.82
9.8
10.78
11.76
12.74
20.58
21.56
-11.76
-10.78
-9.8
-3.92
-2.94
13.72
14.7
15.68
16.66
17.64
18.62
19.6
-8.82
-7.84
-6.86
-5.88
-4.9
-14.7
-13.72
-12.74
-11.76
-10.78
-9.8
-8.82
-7.84
9.8
10.78
11.76
12.74
13.72
14.7
-20.58
-19.6
-18.62
-17.64
-16.66
-15.68
-14.7
-13.72
-6.86
-5.88
8.82
15.68
16.66
-22.54
-21.56
-4.9
-3.92
6.86
7.84
17.64
18.62
-24.5
-23.52
-2.94
5.88
19.6
20.58
21.56
-25.48
-1.96
4.9
22.54
23.52
-27.44
-26.46
-0.98
3.92
24.5
25.48
26.46
-28.42
0
0.98
1.96
2.94
27.44
28.42
-30.38
-29.4
29.4
30.38
-34.3
-33.32
-32.34
-31.36
31.36
-37.24
-36.26
-35.28
32.34
33.32
-39.2
-38.22
34.3
35.28
-41.16
-40.18
36.26
37.24
-42.14
38.22
39.2
-43.12
40.18
41.16
42.14
-44.1
43.12
44.1
-45.08
45.08
-46.06
46.06
-47.04
47.04
-48.02
48.02
-49
49
-49.98
49
-50.96
49.98
-51.94
50.96
-51.94
50.96
-52.92
51.94
-52.92
52.92
-53.9
52.92
-53.9
53.9
-54.88
54.88
-55.86
55.86
-55.86
56.84
-56.84
56.84
-57.82
57.82
-58.8
58.8
-58.8
58.8
-59.78
59.78
-59.78
60.76
-60.76
60.76
-61.74
61.74
-61.74
61.74
-62.72
62.72
-62.72
62.72
-62.72
63.7
-63.7
63.7
-63.7
63.7
-63.7
64.68
-63.7
64.68
-64.68
65.66
-64.68
65.66
-64.68
66.64
-65.66
66.64
-65.66
66.64
-66.64
67.62
-66.64
67.62
-66.64
67.62
-66.64
67.62
-67.62
67.62
-67.62
68.6
-67.62
68.6
-67.62
68.6
-67.62
68.6
-67.62
68.6
-67.62
68.6
-67.62
68.6
-67.62
68.6
-67.62
68.6
-67.62
68.6
-67.62
68.6
-68.6
68.6
-68.6
68.6
-68.6
68.6
-68.6
68.6
-68.6
68.6
-68.6
68.6
-68.6
68.6
-68.6
68.6
-68.6
68.6
-68.6
68.6
-68.6
68.6
-68.6
68.6
-67.62
68.6
-67.62
68.6
-67.62
67.62
-67.62
67.62
-66.64
67.62
-66.64
67.62
-66.64
67.62
-66.64
67.62
-65.66
68.6
-65.66
68.6
-65.66
68.6
-65.66
68.6
-65.66
68.6
-65.66
68.6
-65.66
68.6
-64.68
68.6
-64.68
67.62
-63.7
67.62
-63.7
67.62
-62.72
66.64
-62.72
66.64
-62.72
65.66
-62.72
65.66
-62.72
64.68
-62.72
64.68
-62.72
64.68
-62.72
64.68
-61.74
63.7
-61.74
63.7
-60.76
62.72
-59.78
62.72
-58.8
61.74
-57.82
60.76
-56.84
60.76
-56.84
59.78
-56.84
59.78
-56.84
59.78
-56.84
58.8
-55.86
58.8
-55.86
57.82
-54.88
57.82
-54.88
-53.9
56.84
-53.9
55.86
-52.92
54.88
-52.92
54.88
-52.92
53.9
-52.92
53.9
-52.92
53.9
-51.94
53.9
-51.94
53.9
-51.94
53.9
-51.94
52.92
-50.96
52.92
-50.96
52.92
-50.96
51.94
-49.98
50.96
-49.98
49.98
-49
49
-49
48.02
-48.02
47.04
-48.02
47.04
-48.02
46.06
-47.04
45.08
-46.06
45.08
-46.06
44.1
-45.08
43.12
-44.1
43.12
-43.12
42.14
-42.14
-41.16
42.14
-40.18
41.16
-39.2
41.16
-38.22
40.18
-37.24
40.18
-36.26
38.22
39.2
-35.28
35.28
36.26
37.24
-34.3
33.32
34.3
-33.32
32.34
-32.34
31.36
-31.36
-30.38
30.38
-29.4
-28.42
-27.44
29.4
-26.46
-25.48
28.42
-24.5
-23.52
26.46
27.44
-22.54
-21.56
24.5
25.48
-20.58
-19.6
-18.62
22.54
23.52
-17.64
-16.66
-15.68
-14.7
0
0.98
1.96
2.94
8.82
9.8
10.78
11.76
21.56
-13.72
-12.74
-11.76
-1.96
-0.98
3.92
4.9
5.88
6.86
7.84
12.74
13.72
14.7
18.62
19.6
20.58
-10.78
-9.8
-8.82
-7.84
-4.9
-3.92
-2.94
15.68
16.66
17.64
-6.86
-5.88
-12.74
-11.76
-10.78
-9.8
-8.82
-7.84
-6.86
9.8
10.78
11.76
12.74
13.72
14.7
15.68
-20.58
-19.6
-18.62
-17.64
-16.66
-15.68
-14.7
-13.72
-5.88
-4.9
7.84
8.82
16.66
17.64
-23.52
-22.54
-21.56
-3.92
6.86
18.62
19.6
20.58
-24.5
-2.94
5.88
21.56
22.54
-26.46
-25.48
-1.96
4.9
23.52
24.5
-27.44
-0.98
3.92
25.48
26.46
-29.4
-28.42
0
0.98
1.96
2.94
27.44
28.42
-33.32
-32.34
-31.36
-30.38
29.4
30.38
-37.24
-36.26
-35.28
-34.3
31.36
32.34
-39.2
-38.22
33.32
34.3
-40.18
35.28
36.26
-42.14
-41.16
37.24
38.22
39.2
-43.12
40.18
41.16
-44.1
42.14
43.12
-45.08
44.1
45.08
-46.06
46.06
-47.04
47.04
-48.02
48.02
-49
48.02
-49.98
49
-50.96
49.98
-50.96
49.98
-51.94
50.96
-52.92
51.94
-52.92
51.94
-53.9
52.92
-53.9
53.9
-54.88
54.88
-54.88
55.86
-55.86
55.86
-56.84
56.84
-57.82
57.82
-57.82
58.8
-58.8
58.8
-59.78
59.78
-59.78
59.78
-60.76
60.76
-60.76
61.74
-61.74
61.74
-61.74
62.72
-62.72
62.72
-62.72
62.72
-63.7
63.7
-63.7
63.7
-63.7
64.68
-63.7
64.68
-63.7
65.66
-64.68
65.66
-64.68
65.66
-65.66
66.64
-65.66
66.64
-65.66
66.64
-66.64
67.62
-66.64
67.62
-66.64
67.62
-66.64
67.62
-67.62
67.62
-67.62
68.6
-67.62
68.6
-67.62
68.6
-67.62
68.6
-67.62
68.6
-67.62
68.6
-67.62
68.6
-67.62
68.6
-67.62
68.6
-67.62
68.6
-67.62
68.6
-68.6
68.6
-68.6
68.6
-68.6
68.6
-68.6
68.6
-68.6
68.6
-68.6
68.6
-68.6
68.6
-68.6
68.6
-68.6
68.6
-68.6
68.6
-68.6
68.6
-67.62
68.6
-67.62
68.6
-67.62
67.62
-67.62
67.62
-66.64
67.62
-66.64
67.62
-66.64
67.62
-66.64
67.62
-65.66
67.62
-65.66
68.6
-65.66
68.6
-65.66
68.6
-65.66
68.6
-65.66
68.6
-64.68
68.6
-64.68
67.62
-63.7
67.62
-63.7
67.62
-62.72
66.64
-62.72
66.64
-62.72
65.66
-62.72
65.66
-62.72
64.68
-62.72
64.68
-62.72
64.68
-62.72
63.7
-61.74
63.7
-61.74
63.7
-60.76
62.72
-59.78
62.72
-58.8
61.74
-57.82
61.74
-56.84
60.76
-55.86
59.78
-55.86
59.78
-55.86
59.78
-55.86
58.8
-55.86
58.8
-54.88
57.82
-54.88
56.84
-53.9
56.84
-52.92
55.86
-52.92
54.88
-51.94
54.88
-51.94
53.9
-51.94
53.9
-51.94
53.9
-51.94
53.9
-51.94
53.9
-51.94
53.9
-51.94
52.92
-51.94
52.92
-50.96
52.92
-50.96
51.94
-49.98
51.94
-49.98
50.96
-49
49.98
-49
49
-49
48.02
-48.02
47.04
-48.02
46.06
-47.04
45.08
-47.04
44.1
-46.06
44.1
-45.08
43.12
-44.1
42.14
-43.12
42.14
-42.14
41.16
-41.16
-40.18
41.16
-39.2
41.16
-38.22
40.18
-37.24
40.18
-36.26
38.22
39.2
-35.28
36.26
37.24
-34.3
33.32
34.3
35.28
-34.3
32.34
-33.32
-32.34
31.36
-31.36
30.38
-30.38
-29.4
-28.42
29.4
-27.44
-26.46
28.42
-25.48
-24.5
27.44
-23.52
-22.54
25.48
26.46
-21.56
-20.58
23.52
24.5
-19.6
-18.62
-17.64
-16.66
-15.68
21.56
22.54
-14.7
-13.72
-12.74
-0.98
0
0.98
1.96
2.94
3.92
4.9
5.88
6.86
7.84
8.82
9.8
10.78
11.76
12.74
13.72
14.7
19.6
20.58
-11.76
-10.78
-9.8
-2.94
-1.96
15.68
16.66
17.64
18.62
-8.82
-7.84
-6.86
-5.88
-4.9
-3.92
10.78
11.76
12.74
13.72
-12.74
-11.76
-10.78
-9.8
-8.82
-7.84
-6.86
-5.88
8.82
9.8
14.7
15.68
16.66
17.64
-21.56
-20.58
-19.6
-18.62
-17.64
-16.66
-15.68
-14.7
-13.72
-4.9
7.84
18.62
19.6
-23.52
-22.54
-3.92
6.86
20.58
21.56
-25.48
-24.5
-2.94
5.88
22.54
-27.44
-26.46
-1.96
4.9
23.52
24.5
-28.42
-0.98
0
2.94
3.92
25.48
26.46
27.44
-31.36
-30.38
-29.4
0.98
1.96
28.42
29.4
-36.26
-35.28
-34.3
-33.32
-32.34
30.38
31.36
-38.22
-37.24
32.34
33.32
-40.18
-39.2
34.3
35.28
-41.16
36.26
37.24
38.22
-43.12
-42.14
39.2
40.18
41.16
-44.1
42.14
43.12
-45.08
44.1
-46.06
45.08
46.06
-47.04
47.04
-48.02
47.04
-49
48.02
-49
49
-49.98
49.98
-50.96
49.98
-51.94
50.96
-51.94
50.96
-52.92
51.94
-52.92
52.92
-53.9
53.9
-53.9
53.9
-54.88
54.88
-54.88
55.86
-55.86
56.84
-56.84
57.82
-57.82
57.82
-58.8
58.8
-58.8
59.78
-59.78
59.78
-60.76
60.76
-60.76
60.76
-61.74
61.74
-61.74
61.74
-62.72
62.72
-62.72
62.72
-62.72
63.7
-63.7
63.7
-63.7
64.68
-63.7
64.68
-63.7
64.68
-64.68
65.66
-64.68
65.66
-64.68
66.64
-65.66
66.64
-65.66
66.64
-66.64
66.64
-66.64
67.62
-66.64
67.62
-66.64
67.62
-66.64
67.62
-66.64
67.62
-67.62
67.62
-67.62
68.6
-67.62
68.6
-67.62
68.6
-67.62
68.6
-67.62
68.6
-67.62
68.6
-67.62
68.6
-67.62
68.6
-67.62
68.6
-67.62
68.6
-68.6
68.6
-68.6
68.6
-68.6
68.6
-68.6
68.6
-68.6
68.6
-67.62
68.6
-67.62
68.6
-67.62
68.6
-67.62
68.6
-67.62
68.6
-67.62
68.6
-67.62
68.6
-67.62
67.62
-67.62
67.62
-66.64
67.62
-66.64
67.62
-66.64
67.62
-65.66
67.62
-65.66
67.62
-65.66
67.62
-65.66
67.62
-65.66
68.6
-65.66
68.6
-64.68
67.62
-64.68
67.62
-64.68
67.62
-63.7
67.62
-63.7
66.64
-62.72
66.64
-62.72
65.66
-62.72
65.66
-62.72
64.68
-62.72
64.68
-62.72
64.68
-62.72
63.7
-61.74
63.7
-61.74
63.7
-61.74
62.72
-60.76
62.72
-59.78
61.74
-58.8
-57.82
61.74
-56.84
60.76
-55.86
59.78
-54.88
59.78
-54.88
58.8
-54.88
58.8
-54.88
58.8
-54.88
57.82
-53.9
56.84
-53.9
56.84
-52.92
55.86
-51.94
54.88
-51.94
54.88
-50.96
53.9
-50.96
53.9
-50.96
53.9
-51.94
53.9
-51.94
53.9
-51.94
53.9
-51.94
53.9
-50.96
52.92
-50.96
52.92
-50.96
52.92
-50.96
51.94
-49.98
51.94
-49.98
50.96
-49
49.98
-49
49
-48.02
47.04
48.02
-48.02
46.06
-47.04
45.08
-47.04
44.1
-46.06
44.1
-45.08
43.12
-45.08
-44.1
42.14
-43.12
42.14
-42.14
41.16
-41.16
41.16
-40.18
-39.2
40.18
-38.22
40.18
-37.24
39.2
-36.26
39.2
-35.28
37.24
38.22
-34.3
34.3
35.28
36.26
-34.3
32.34
33.32
-33.32
31.36
-32.34
-31.36
30.38
-30.38
29.4
-29.4
-28.42
-27.44
28.42
-26.46
-25.48
27.44
-24.5
26.46
-23.52
-22.54
-21.56
24.5
25.48
-20.58
-19.6
-18.62
-17.64
22.54
23.52
-16.66
-15.68
-14.7
-13.72
0
0.98
1.96
9.8
10.78
11.76
12.74
13.72
14.7
15.68
19.6
20.58
21.56
-12.74
-11.76
-1.96
-0.98
2.94
3.92
4.9
5.88
6.86
7.84
8.82
15.68
16.66
17.64
18.62
-10.78
-9.8
-8.82
-3.92
-2.94
-7.84
-6.86
-5.88
-4.9
-9.8
-8.82
-7.84
9.8
10.78
11.76
12.74
13.72
14.7
15.68
-12.74
-11.76
-10.78
-6.86
-5.88
8.82
16.66
17.64
18.62
-22.54
-21.56
-20.58
-19.6
-18.62
-17.64
-16.66
-15.68
-14.7
-13.72
-4.9
-3.92
6.86
7.84
19.6
20.58
-24.5
-23.52
-2.94
5.88
21.56
-26.46
-25.48
-1.96
4.9
22.54
23.52
-27.44
-0.98
3.92
24.5
25.48
-29.4
-28.42
0
2.94
26.46
27.44
-35.28
-34.3
-33.32
-32.34
-31.36
-30.38
0.98
1.96
28.42
29.4
30.38
-38.22
-37.24
-36.26
31.36
32.34
-40.18
-39.2
33.32
34.3
35.28
-41.16
36.26
37.24
-42.14
38.22
39.2
40.18
-43.12
41.16
42.14
-44.1
43.12
44.1
-45.08
45.08
-46.06
46.06
-47.04
47.04
-48.02
48.02
-49
49
-49.98
49
-50.96
49.98
-50.96
50.96
-51.94
50.96
-51.94
51.94
-52.92
52.92
-52.92
52.92
-53.9
53.9
-53.9
54.88
-54.88
55.86
-55.86
56.84
-56.84
56.84
-57.82
57.82
-58.8
58.8
-58.8
58.8
-59.78
59.78
-59.78
59.78
-60.76
60.76
-61.74
61.74
-61.74
61.74
-62.72
62.72
-62.72
62.72
-62.72
62.72
-62.72
63.7
-62.72
63.7
-63.7
64.68
-63.7
64.68
-63.7
65.66
-64.68
65.66
-64.68
65.66
-65.66
66.64
-65.66
66.64
-65.66
66.64
-66.64
66.64
-66.64
66.64
-66.64
67.62
-66.64
67.62
-66.64
67.62
-66.64
67.62
-66.64
68.6
-66.64
68.6
-66.64
68.6
-67.62
68.6
-67.62
68.6
-67.62
68.6
-67.62
68.6
-67.62
68.6
-67.62
68.6
-67.62
68.6
-67.62
68.6
-67.62
68.6
-67.62
68.6
-67.62
68.6
-67.62
68.6
-67.62
68.6
-67.62
68.6
-67.62
68.6
-67.62
68.6
-67.62
68.6
-67.62
68.6
-67.62
67.62
-67.62
67.62
-67.62
67.62
-66.64
67.62
-66.64
67.62
-66.64
67.62
-65.66
67.62
-65.66
67.62
-65.66
67.62
-65.66
67.62
-65.66
67.62
-64.68
67.62
-64.68
67.62
-64.68
67.62
-64.68
67.62
-63.7
67.62
-62.72
66.64
-62.72
66.64
-62.72
65.66
-61.74
65.66
-61.74
64.68
-61.74
63.7
-61.74
63.7
-61.74
63.7
-61.74
62.72
-61.74
62.72
-60.76
62.72
-60.76
61.74
-59.78
-58.8
61.74
-57.82
60.76
-56.84
-55.86
60.76
-54.88
59.78
-54.88
58.8
-53.9
58.8
-53.9
57.82
-53.9
57.82
-53.9
56.84
-52.92
56.84
-52.92
55.86
-51.94
54.88
-51.94
54.88
-50.96
53.9
-50.96
53.9
-50.96
53.9
-50.96
53.9
-50.96
53.9
-50.96
53.9
-50.96
53.9
-50.96
53.9
-50.96
52.92
-50.96
52.92
-50.96
52.92
-49.98
51.94
-49.98
50.96
-49
50.96
-49
49.98
-48.02
48.02
49
-48.02
47.04
-47.04
46.06
-47.04
45.08
-46.06
44.1
-46.06
43.12
-45.08
42.14
-44.1
42.14
-43.12
-42.14
41.16
-41.16
41.16
-40.18
-39.2
40.18
-38.22
40.18
-37.24
39.2
-36.26
39.2
-35.28
37.24
38.22
-34.3
35.28
36.26
-34.3
33.32
34.3
-33.32
31.36
32.34
-32.34
30.38
-31.36
-30.38
30.38
-29.4
-28.42
29.4
-27.44
-26.46
28.42
-25.48
27.44
-24.5
-23.52
25.48
26.46
-22.54
-21.56
-20.58
23.52
24.5
-19.6
-18.62
-17.64
-16.66
-15.68
-14.7
11.76
12.74
13.72
14.7
15.68
16.66
19.6
20.58
21.56
22.54
-13.72
-12.74
-0.98
0
0.98
1.96
2.94
3.92
7.84
8.82
9.8
10.78
16.66
17.64
18.62
-11.76
-10.78
-9.8
-2.94
-1.96
4.9
5.88
6.86
-8.82
-7.84
-6.86
-5.88
-4.9
-3.92
-10.78
-9.8
-8.82
-7.84
-6.86
9.8
10.78
11.76
12.74
13.72
14.7
15.68
16.66
17.64
-12.74
-11.76
-5.88
-4.9
7.84
8.82
18.62
19.6
-22.54
-21.56
-20.58
-19.6
-18.62
-17.64
-16.66
-15.68
-14.7
-13.72
-3.92
6.86
20.58
-25.48
-24.5
-23.52
-2.94
5.88
21.56
22.54
-26.46
-1.96
4.9
23.52
24.5
-28.42
-27.44
-0.98
3.92
25.48
26.46
-34.3
-33.32
-32.34
-31.36
-30.38
-29.4
0
0.98
1.96
2.94
27.44
28.42
29.4
-38.22
-37.24
-36.26
-35.28
30.38
31.36
-39.2
32.34
33.32
34.3
-41.16
-40.18
35.28
36.26
-42.14
37.24
38.22
39.2
-43.12
40.18
41.16
42.14
-44.1
43.12
-45.08
44.1
45.08
-46.06
46.06
-47.04
47.04
-48.02
47.04
-49
48.02
-49
49
-49.98
49.98
-50.96
49.98
-50.96
50.96
-51.94
51.94
-51.94
51.94
-52.92
52.92
-52.92
53.9
-53.9
54.88
-53.9
55.86
-54.88
55.86
-55.86
56.84
-56.84
57.82
-57.82
57.82
-58.8
58.8
-59.78
59.78
-59.78
59.78
-60.76
60.76
-60.76
60.76
-61.74
61.74
-61.74
61.74
-62.72
62.72
-62.72
62.72
-62.72
63.7
-62.72
63.7
-62.72
64.68
-63.7
64.68
-63.7
64.68
-63.7
65.66
-64.68
65.66
-64.68
65.66
-65.66
66.64
-65.66
66.64
-66.64
66.64
-66.64
66.64
-66.64
66.64
-66.64
67.62
-66.64
67.62
-66.64
67.62
-66.64
67.62
-66.64
68.6
-66.64
68.6
-66.64
68.6
-66.64
68.6
-67.62
68.6
-67.62
68.6
-67.62
68.6
-67.62
68.6
-67.62
68.6
-67.62
68.6
-67.62
68.6
-67.62
68.6
-67.62
68.6
-67.62
68.6
-67.62
67.62
-67.62
67.62
-67.62
67.62
-67.62
67.62
-67.62
67.62
-67.62
67.62
-67.62
67.62
-67.62
67.62
-67.62
67.62
-66.64
67.62
-66.64
67.62
-66.64
67.62
-65.66
67.62
-65.66
67.62
-65.66
67.62
-65.66
67.62
-64.68
67.62
-64.68
67.62
-64.68
67.62
-64.68
67.62
-63.7
67.62
-63.7
66.64
-62.72
66.64
-62.72
65.66
-61.74
65.66
-61.74
64.68
-61.74
64.68
-61.74
63.7
-61.74
63.7
-61.74
62.72
-61.74
62.72
-60.76
62.72
-60.76
61.74
-59.78
61.74
-58.8
60.76
-57.82
-56.84
60.76
-55.86
59.78
-54.88
58.8
-53.9
58.8
-53.9
57.82
-53.9
57.82
-52.92
56.84
-52.92
56.84
-52.92
55.86
-51.94
54.88
-51.94
54.88
-50.96
54.88
-50.96
53.9
-50.96
53.9
-50.96
53.9
-50.96
53.9
-50.96
53.9
-50.96
53.9
-50.96
53.9
-50.96
53.9
-50.96
52.92
-50.96
52.92
-49.98
51.94
-49.98
51.94
-49
50.96
-49
49.98
-48.02
49
49.98
-48.02
48.02
-47.04
47.04
-47.04
46.06
-46.06
44.1
45.08
-46.06
43.12
-45.08
43.12
-44.1
42.14
-43.12
41.16
-42.14
-41.16
41.16
-40.18
-39.2
40.18
-38.22
40.18
-37.24
39.2
-36.26
39.2
-35.28
38.22
-34.3
36.26
37.24
-34.3
34.3
35.28
-33.32
32.34
33.32
-32.34
31.36
-31.36
-30.38
30.38
-29.4
29.4
-28.42
-27.44
28.42
-26.46
-25.48
27.44
-24.5
26.46
-23.52
-22.54
-21.56
24.5
25.48
-20.58
-19.6
-18.62
-17.64
-16.66
13.72
14.7
15.68
16.66
20.58
21.56
22.54
23.52
-15.68
-14.7
-13.72
0
0.98
1.96
10.78
11.76
12.74
17.64
18.62
19.6
-12.74
-11.76
-10.78
-1.96
-0.98
2.94
3.92
4.9
5.88
6.86
7.84
8.82
9.8
-9.8
-8.82
-3.92
-2.94
-7.84
-6.86
-5.88
-4.9
11.76
12.74
13.72
14.7
15.68
-11.76
-10.78
-9.8
-8.82
-7.84
-6.86
-5.88
8.82
9.8
10.78
16.66
17.64
18.62
-13.72
-12.74
-4.9
-3.92
7.84
19.6
-23.52
-22.54
-21.56
-20.58
-19.6
-18.62
-17.64
-16.66
-15.68
-14.7
-2.94
6.86
20.58
21.56
-25.48
-24.5
-1.96
5.88
22.54
23.52
-27.44
-26.46
-0.98
4.9
24.5
25.48
-31.36
-30.38
-29.4
-28.42
0
3.92
26.46
27.44
28.42
-37.24
-36.26
-35.28
-34.3
-33.32
-32.34
0.98
1.96
2.94
29.4
30.38
-39.2
-38.22
31.36
32.34
33.32
-40.18
34.3
35.28
36.26
-42.14
-41.16
37.24
38.22
-43.12
39.2
40.18
41.16
-44.1
42.14
43.12
-45.08
44.1
-46.06
45.08
-47.04
46.06
-47.04
47.04
-48.02
48.02
-49
49
-49.98
49
-49.98
49.98
-50.96
50.96
-50.96
50.96
-51.94
51.94
-51.94
52.92
-52.92
52.92
-52.92
53.9
-53.9
54.88
-54.88
55.86
-55.86
56.84
-56.84
56.84
-57.82
57.82
-58.8
58.8
-58.8
58.8
-59.78
59.78
-60.76
59.78
-60.76
60.76
-61.74
60.76
-61.74
61.74
-61.74
61.74
-62.72
62.72
-62.72
62.72
-62.72
63.7
-62.72
63.7
-62.72
64.68
-63.7
64.68
-63.7
65.66
-64.68
65.66
-64.68
65.66
-65.66
65.66
-65.66
65.66
-65.66
66.64
-65.66
66.64
-66.64
66.64
-66.64
66.64
-66.64
67.62
-66.64
67.62
-66.64
67.62
-66.64
68.6
-66.64
68.6
-66.64
68.6
-66.64
68.6
-66.64
68.6
-67.62
68.6
-67.62
68.6
-67.62
68.6
-67.62
68.6
-67.62
68.6
-67.62
68.6
-67.62
68.6
-67.62
68.6
-67.62
68.6
-66.64
67.62
-66.64
67.62
-66.64
67.62
-66.64
67.62
-67.62
67.62
-67.62
67.62
-67.62
67.62
-67.62
67.62
-66.64
67.62
-66.64
67.62
-66.64
67.62
-66.64
67.62
-65.66
67.62
-65.66
67.62
-65.66
67.62
-65.66
67.62
-64.68
67.62
-64.68
67.62
-64.68
67.62
-64.68
67.62
-63.7
67.62
-62.72
66.64
-62.72
66.64
-61.74
65.66
-61.74
64.68
-61.74
64.68
-61.74
63.7
-61.74
62.72
-61.74
62.72
-61.74
62.72
-60.76
61.74
-60.76
61.74
-60.76
61.74
-59.78
60.76
-58.8
60.76
-57.82
-56.84
59.78
-55.86
58.8
-54.88
58.8
-53.9
57.82
-53.9
56.84
-52.92
56.84
-52.92
55.86
-52.92
55.86
-52.92
54.88
-51.94
54.88
-51.94
54.88
-50.96
53.9
-50.96
53.9
-50.96
53.9
-50.96
53.9
-50.96
53.9
-50.96
53.9
-50.96
53.9
-50.96
53.9
-50.96
52.92
-50.96
52.92
-49.98
52.92
-49.98
51.94
-49.98
50.96
-49
50.96
-48.02
49.98
-48.02
49
-47.04
48.02
-47.04
47.04
-46.06
45.08
46.06
-46.06
44.1
-45.08
43.12
-44.1
42.14
-43.12
42.14
-42.14
41.16
-41.16
-40.18
40.18
-39.2
-38.22
40.18
-37.24
39.2
-36.26
39.2
-35.28
38.22
-34.3
37.24
-33.32
35.28
36.26
-33.32
33.32
34.3
-32.34
32.34
-31.36
-30.38
30.38
31.36
-29.4
29.4
-28.42
-27.44
28.42
-26.46
28.42
-25.48
-24.5
27.44
-23.52
-22.54
25.48
26.46
-21.56
-20.58
-19.6
-18.62
14.7
15.68
16.66
22.54
23.52
24.5
-17.64
-16.66
-15.68
-14.7
0
0.98
11.76
12.74
13.72
17.64
18.62
19.6
20.58
21.56
-13.72
-12.74
-1.96
-0.98
1.96
2.94
3.92
8.82
9.8
10.78
-11.76
-10.78
-9.8
-2.94
4.9
5.88
6.86
7.84
-8.82
-7.84
-6.86
-5.88
-4.9
-3.92
-9.8
-8.82
-7.84
-6.86
10.78
11.76
12.74
13.72
14.7
15.68
16.66
17.64
-12.74
-11.76
-10.78
-5.88
-4.9
8.82
9.8
18.62
19.6
-22.54
-21.56
-20.58
-19.6
-18.62
-17.64
-16.66
-15.68
-14.7
-13.72
-3.92
7.84
20.58
-25.48
-24.5
-23.52
-2.94
6.86
21.56
22.54
-27.44
-26.46
-1.96
5.88
23.52
24.5
-29.4
-28.42
-0.98
4.9
25.48
26.46
27.44
-36.26
-35.28
-34.3
-33.32
-32.34
-31.36
-30.38
0
3.92
28.42
29.4
30.38
-39.2
-38.22
-37.24
0.98
1.96
2.94
31.36
32.34
-40.18
33.32
34.3
35.28
-41.16
36.26
37.24
38.22
-42.14
39.2
40.18
-43.12
41.16
42.14
-44.1
43.12
-45.08
44.1
45.08
-46.06
46.06
-47.04
47.04
-48.02
47.04
-49
48.02
-49
49
-49.98
49.98
-50.96
49.98
-50.96
50.96
-50.96
51.94
-51.94
51.94
-51.94
52.92
-52.92
53.9
-52.92
54.88
-53.9
55.86
-54.88
55.86
-55.86
56.84
-56.84
57.82
-57.82
57.82
-58.8
58.8
-59.78
59.78
-59.78
59.78
-60.76
60.76
-60.76
60.76
-61.74
61.74
-61.74
61.74
-61.74
62.72
-62.72
62.72
-62.72
63.7
-62.72
63.7
-62.72
63.7
-62.72
64.68
-63.7
64.68
-63.7
64.68
-64.68
65.66
-64.68
65.66
-65.66
65.66
-65.66
65.66
-65.66
66.64
-65.66
66.64
-66.64
66.64
-66.64
66.64
-66.64
67.62
-66.64
67.62
-66.64
67.62
-66.64
68.6
-66.64
68.6
-66.64
68.6
-66.64
68.6
-67.62
68.6
-67.62
68.6
-67.62
68.6
-67.62
68.6
-67.62
68.6
-67.62
68.6
-67.62
68.6
-66.64
68.6
-66.64
67.62
-66.64
67.62
-66.64
67.62
-66.64
67.62
-66.64
67.62
-66.64
67.62
-66.64
67.62
-66.64
67.62
-66.64
67.62
-66.64
67.62
-66.64
67.62
-66.64
67.62
-66.64
67.62
-65.66
67.62
-65.66
67.62
-65.66
67.62
-64.68
67.62
-64.68
67.62
-64.68
67.62
-64.68
67.62
-63.7
67.62
-63.7
66.64
-62.72
66.64
-62.72
65.66
-61.74
65.66
-61.74
64.68
-61.74
63.7
-61.74
62.72
-61.74
62.72
-60.76
61.74
-60.76
61.74
-60.76
61.74
-60.76
61.74
-59.78
60.76
-59.78
60.76
-58.8
-57.82
59.78
-56.84
59.78
-55.86
58.8
-54.88
57.82
-53.9
56.84
-53.9
56.84
-52.92
55.86
-52.92
55.86
-52.92
54.88
-51.94
54.88
-51.94
53.9
-51.94
53.9
-50.96
53.9
-50.96
53.9
-50.96
53.9
-50.96
53.9
-50.96
53.9
-50.96
53.9
-50.96
53.9
-50.96
53.9
-50.96
52.92
-49.98
52.92
-49.98
51.94
-49
51.94
-49
50.96
-48.02
49.98
-48.02
49.98
-47.04
49
-46.06
48.02
-46.06
46.06
47.04
-45.08
45.08
-45.08
44.1
-44.1
43.12
-43.12
42.14
-42.14
41.16
-41.16
-40.18
41.16
-39.2
40.18
-38.22
-37.24
40.18
-36.26
39.2
-35.28
38.22
-34.3
37.24
-33.32
36.26
-33.32
34.3
35.28
-32.34
33.32
-31.36
-30.38
31.36
32.34
-29.4
-28.42
30.38
-28.42
-27.44
-26.46
29.4
-26.46
-25.48
28.42
-25.48
-24.5
-23.52
27.44
-23.52
-22.54
-21.56
26.46
-21.56
-20.58
-19.6
24.5
25.48
-18.62
-17.64
-16.66
-15.68
12.74
13.72
14.7
15.68
16.66
17.64
18.62
19.6
20.58
21.56
22.54
23.52
-14.7
-13.72
-0.98
0
0.98
1.96
2.94
10.78
11.76
-12.74
-11.76
-2.94
-1.96
3.92
4.9
5.88
6.86
7.84
8.82
9.8
-10.78
-9.8
-8.82
-7.84
-4.9
-3.92
-6.86
-5.88
13.72
14.7
15.68
-10.78
-9.8
-8.82
-7.84
-6.86
-5.88
9.8
10.78
11.76
12.74
16.66
17.64
18.62
-19.6
-18.62
-17.64
-15.68
-14.7
-13.72
-12.74
-11.76
-4.9
-3.92
8.82
19.6
-24.5
-23.52
-22.54
-21.56
-20.58
-16.66
-2.94
7.84
20.58
21.56
-26.46
-25.48
-1.96
6.86
22.54
23.52
24.5
-28.42
-27.44
-0.98
5.88
25.48
26.46
27.44
-35.28
-34.3
-33.32
-32.34
-31.36
-30.38
-29.4
0
4.9
28.42
29.4
-38.22
-37.24
-36.26
0.98
3.92
30.38
31.36
32.34
-40.18
-39.2
1.96
2.94
33.32
34.3
-41.16
35.28
36.26
37.24
-42.14
38.22
39.2
-43.12
40.18
41.16
-44.1
42.14
43.12
-45.08
44.1
-46.06
45.08
-47.04
46.06
-47.04
47.04
-48.02
48.02
-49
48.02
-49.98
49
-49.98
49.98
-50.96
50.96
-50.96
50.96
-50.96
51.94
-51.94
52.92
-51.94
53.9
-52.92
53.9
-52.92
54.88
-53.9
55.86
-54.88
56.84
-56.84
-55.86
56.84
-57.82
57.82
-57.82
58.8
-58.8
58.8
-59.78
59.78
-60.76
59.78
-60.76
60.76
-60.76
60.76
-61.74
61.74
-61.74
61.74
-61.74
62.72
-61.74
62.72
-62.72
63.7
-62.72
63.7
-62.72
64.68
-63.7
64.68
-63.7
64.68
-64.68
64.68
-64.68
65.66
-65.66
65.66
-65.66
65.66
-65.66
65.66
-65.66
65.66
-65.66
66.64
-65.66
66.64
-66.64
67.62
-66.64
67.62
-66.64
67.62
-66.64
68.6
-66.64
68.6
-66.64
68.6
-66.64
68.6
-67.62
68.6
-67.62
68.6
-67.62
68.6
-67.62
68.6
-67.62
68.6
-67.62
68.6
-66.64
68.6
-66.64
68.6
-66.64
67.62
-66.64
67.62
-65.66
67.62
-65.66
67.62
-65.66
67.62
-66.64
67.62
-66.64
67.62
-66.64
67.62
-66.64
67.62
-66.64
67.62
-66.64
67.62
-66.64
67.62
-65.66
67.62
-65.66
67.62
-65.66
67.62
-65.66
67.62
-64.68
67.62
-64.68
67.62
-64.68
67.62
-63.7
67.62
-63.7
67.62
-62.72
66.64
-62.72
66.64
-61.74
65.66
-61.74
64.68
-60.76
64.68
-60.76
63.7
-60.76
62.72
-60.76
61.74
-60.76
61.74
-60.76
61.74
-60.76
60.76
-59.78
60.76
-59.78
60.76
-58.8
59.78
-57.82
59.78
-56.84
-55.86
58.8
-54.88
57.82
-53.9
56.84
-53.9
56.84
-52.92
55.86
-52.92
54.88
-52.92
54.88
-52.92
53.9
-51.94
53.9
-51.94
53.9
-51.94
53.9
-50.96
53.9
-50.96
53.9
-50.96
53.9
-50.96
53.9
-50.96
53.9
-50.96
53.9
-50.96
53.9
-49.98
52.92
-49.98
52.92
-49.98
51.94
-49.98
51.94
-49
50.96
-48.02
49.98
-48.02
49.98
-47.04
49
-46.06
48.02
-45.08
48.02
-45.08
46.06
47.04
-44.1
45.08
-44.1
44.1
-43.12
43.12
-42.14
42.14
-41.16
41.16
-40.18
-39.2
40.18
-38.22
-37.24
40.18
-36.26
39.2
-35.28
38.22
-34.3
38.22
-33.32
37.24
-33.32
35.28
36.26
-32.34
34.3
-31.36
-30.38
32.34
33.32
-29.4
-28.42
30.38
31.36
-27.44
-26.46
29.4
-25.48
-24.5
-23.52
28.42
-24.5
-23.52
-22.54
27.44
-22.54
-21.56
-20.58
26.46
-20.58
-19.6
-18.62
25.48
-18.62
-17.64
-16.66
13.72
14.7
15.68
16.66
17.64
18.62
19.6
20.58
21.56
22.54
23.52
24.5
-15.68
-14.7
-0.98
0
0.98
1.96
2.94
11.76
12.74
-13.72
-12.74
-1.96
3.92
4.9
5.88
6.86
7.84
8.82
9.8
10.78
-11.76
-10.78
-9.8
-3.92
-2.94
-8.82
-7.84
-6.86
-5.88
-4.9
-8.82
-7.84
-6.86
11.76
12.74
13.72
14.7
15.68
16.66
17.64
-13.72
-12.74
-11.76
-10.78
-9.8
-5.88
-4.9
9.8
10.78
18.62
19.6
-23.52
-22.54
-21.56
-20.58
-19.6
-18.62
-17.64
-16.66
-15.68
-14.7
-3.92
-2.94
7.84
8.82
20.58
21.56
-26.46
-25.48
-24.5
-1.96
7.84
22.54
23.52
-28.42
-27.44
-1.96
6.86
24.5
25.48
26.46
-32.34
-31.36
-30.38
-29.4
-0.98
5.88
27.44
28.42
29.4
-37.24
-36.26
-35.28
-34.3
-33.32
0
4.9
30.38
31.36
-39.2
-38.22
0.98
1.96
3.92
32.34
33.32
-40.18
2.94
34.3
35.28
36.26
-42.14
-41.16
37.24
38.22
-43.12
39.2
40.18
-44.1
41.16
42.14
-44.1
43.12
-45.08
44.1
-46.06
45.08
-47.04
46.06
-48.02
47.04
-48.02
48.02
-49
49
-49.98
49
-49.98
49.98
-50.96
50.96
-50.96
51.94
-50.96
51.94
-51.94
52.92
-51.94
53.9
-52.92
54.88
-53.9
55.86
-54.88
55.86
-55.86
56.84
-56.84
57.82
-57.82
57.82
-58.8
58.8
-59.78
58.8
-59.78
59.78
-60.76
59.78
-60.76
60.76
-60.76
60.76
-61.74
61.74
-61.74
61.74
-61.74
62.72
-61.74
62.72
-62.72
63.7
-62.72
63.7
-62.72
64.68
-63.7
64.68
-63.7
64.68
-64.68
64.68
-64.68
64.68
-65.66
65.66
-65.66
65.66
-65.66
65.66
-65.66
66.64
-65.66
66.64
-65.66
66.64
-66.64
67.62
-66.64
67.62
-66.64
67.62
-66.64
68.6
-66.64
68.6
-66.64
68.6
-66.64
68.6
-67.62
68.6
-67.62
68.6
-67.62
68.6
-67.62
68.6
-66.64
68.6
-66.64
68.6
-66.64
68.6
-66.64
67.62
-65.66
67.62
-65.66
67.62
-65.66
67.62
-65.66
67.62
-65.66
67.62
-65.66
67.62
-65.66
67.62
-66.64
67.62
-66.64
67.62
-66.64
67.62
-65.66
67.62
-65.66
67.62
-65.66
67.62
-65.66
67.62
-64.68
67.62
-64.68
67.62
-64.68
67.62
-63.7
67.62
-63.7
67.62
-63.7
66.64
-62.72
66.64
-61.74
65.66
-61.74
65.66
-60.76
64.68
-60.76
63.7
-60.76
62.72
-60.76
61.74
-60.76
61.74
-60.76
60.76
-60.76
60.76
-59.78
60.76
-59.78
60.76
-58.8
59.78
-58.8
59.78
-57.82
-56.84
58.8
-55.86
58.8
-54.88
57.82
-53.9
56.84
-53.9
55.86
-52.92
54.88
-52.92
53.9
-52.92
53.9
-52.92
53.9
-51.94
53.9
-51.94
53.9
-51.94
53.9
-50.96
53.9
-50.96
53.9
-50.96
53.9
-50.96
53.9
-49.98
53.9
-49.98
52.92
-49.98
52.92
-49.98
52.92
-49.98
51.94
-49.98
51.94
-49
50.96
-48.02
49.98
-48.02
49.98
-47.04
49
-46.06
49
-45.08
48.02
-44.1
47.04
-44.1
46.06
-43.12
45.08
-43.12
43.12
44.1
-42.14
42.14
-41.16
42.14
-40.18
41.16
-39.2
-38.22
40.18
-37.24
-36.26
39.2
-35.28
39.2
-34.3
38.22
-33.32
37.24
-33.32
36.26
-32.34
35.28
-31.36
-30.38
33.32
34.3
-29.4
-28.42
31.36
32.34
-27.44
-26.46
-25.48
30.38
-25.48
-24.5
-23.52
-22.54
28.42
29.4
-22.54
-21.56
-20.58
27.44
-21.56
-20.58
-19.6
26.46
-19.6
-18.62
-17.64
25.48
-17.64
-16.66
23.52
24.5
-15.68
-14.7
0
0.98
1.96
2.94
12.74
13.72
14.7
15.68
16.66
17.64
18.62
19.6
20.58
21.56
22.54
-13.72
-1.96
-0.98
3.92
4.9
9.8
10.78
11.76
-12.74
-11.76
-2.94
5.88
6.86
7.84
8.82
-10.78
-9.8
-8.82
-7.84
-6.86
-5.88
-4.9
-3.92
13.72
14.7
15.68
-12.74
-11.76
-10.78
-9.8
-8.82
-7.84
-6.86
-5.88
-4.9
10.78
11.76
12.74
16.66
17.64
18.62
-22.54
-21.56
-20.58
-19.6
-18.62
-17.64
-16.66
-15.68
-14.7
-13.72
-3.92
9.8
19.6
20.58
-25.48
-24.5
-23.52
-2.94
7.84
8.82
21.56
22.54
23.52
-27.44
-26.46
-1.96
7.84
24.5
25.48
26.46
-30.38
-29.4
-28.42
-0.98
6.86
27.44
28.42
29.4
-36.26
-35.28
-34.3
-33.32
-32.34
-31.36
0
5.88
30.38
31.36
-38.22
-37.24
0.98
4.9
32.34
33.32
-40.18
-39.2
1.96
2.94
3.92
34.3
35.28
-41.16
36.26
37.24
-42.14
38.22
39.2
-43.12
40.18
-44.1
41.16
42.14
-45.08
43.12
-46.06
44.1
-47.04
45.08
-47.04
46.06
-48.02
47.04
-49
48.02
-49
49
-49.98
49.98
-49.98
50.96
-50.96
50.96
-50.96
51.94
-50.96
52.92
-51.94
53.9
-52.92
53.9
-52.92
54.88
-53.9
55.86
-54.88
56.84
-55.86
56.84
-56.84
57.82
-57.82
57.82
-58.8
58.8
-59.78
58.8
-59.78
59.78
-60.76
60.76
-60.76
60.76
-60.76
61.74
-61.74
61.74
-61.74
62.72
-61.74
62.72
-61.74
63.7
-62.72
63.7
-62.72
63.7
-63.7
64.68
-63.7
64.68
-64.68
64.68
-64.68
64.68
-64.68
64.68
-65.66
65.66
-65.66
65.66
-65.66
65.66
-65.66
66.64
-65.66
66.64
-65.66
67.62
-66.64
67.62
-66.64
67.62
-66.64
67.62
-66.64
67.62
-66.64
68.6
-66.64
68.6
-66.64
68.6
-67.62
68.6
-67.62
68.6
-66.64
68.6
-66.64
68.6
-66.64
68.6
-66.64
68.6
-65.66
67.62
-65.66
67.62
-65.66
67.62
-64.68
66.64
-64.68
66.64
-65.66
66.64
-65.66
66.64
-65.66
66.64
-65.66
67.62
-65.66
67.62
-65.66
67.62
-65.66
67.62
-65.66
67.62
-65.66
67.62
-64.68
67.62
-64.68
67.62
-64.68
67.62
-64.68
67.62
-63.7
67.62
-63.7
66.64
-62.72
66.64
-61.74
66.64
-61.74
65.66
-60.76
64.68
-60.76
63.7
64.68
-60.76
62.72
-60.76
61.74
-60.76
61.74
-60.76
60.76
-59.78
60.76
-59.78
60.76
-59.78
60.76
-58.8
59.78
-58.8
59.78
-57.82
59.78
-56.84
58.8
-55.86
57.82
-54.88
56.84
-53.9
55.86
-53.9
54.88
-52.92
53.9
-52.92
53.9
-52.92
52.92
-51.94
52.92
-51.94
52.92
-51.94
52.92
-51.94
52.92
-50.96
52.92
-50.96
52.92
-50.96
52.92
-49.98
52.92
-49.98
52.92
-49.98
52.92
-49.98
52.92
-49.98
51.94
-49.98
51.94
-49
50.96
-48.02
49.98
-48.02
49.98
-47.04
49
-46.06
49
-45.08
48.02
-44.1
47.04
-43.12
47.04
-43.12
46.06
-42.14
44.1
45.08
-42.14
43.12
-41.16
42.14
-40.18
41.16
-39.2
40.18
-38.22
-37.24
40.18
-36.26
-35.28
39.2
-34.3
38.22
-33.32
38.22
-32.34
37.24
-32.34
35.28
36.26
-31.36
-30.38
34.3
-29.4
32.34
33.32
-28.42
-27.44
-26.46
-25.48
30.38
31.36
-24.5
-23.52
-22.54
-21.56
29.4
-21.56
-20.58
-19.6
27.44
28.42
-19.6
-18.62
26.46
-18.62
-17.64
25.48
-16.66
24.5
-15.68
0
0.98
1.96
2.94
13.72
14.7
15.68
16.66
21.56
22.54
23.52
-14.7
-13.72
-1.96
-0.98
3.92
4.9
10.78
11.76
12.74
17.64
18.62
19.6
20.58
-12.74
-2.94
5.88
6.86
7.84
8.82
9.8
-11.76
-10.78
-9.8
-4.9
-3.92
-8.82
-7.84
-6.86
-5.88
-9.8
-8.82
-7.84
-6.86
12.74
13.72
14.7
15.68
16.66
17.64
-21.56
-20.58
-19.6
-18.62
-17.64
-16.66
-15.68
-14.7
-13.72
-12.74
-11.76
-10.78
-5.88
-4.9
-3.92
10.78
11.76
18.62
19.6
20.58
-25.48
-24.5
-23.52
-22.54
-2.94
8.82
9.8
21.56
22.54
23.52
-27.44
-26.46
-1.96
7.84
24.5
25.48
26.46
-29.4
-28.42
-0.98
6.86
27.44
28.42
-32.34
-31.36
-30.38
-0.98
6.86
29.4
30.38
31.36
-37.24
-36.26
-35.28
-34.3
-33.32
0
4.9
5.88
32.34
33.32
-39.2
-38.22
0.98
1.96
2.94
3.92
34.3
35.28
-40.18
36.26
-41.16
37.24
38.22
-42.14
39.2
-43.12
40.18
41.16
-44.1
41.16
42.14
-45.08
43.12
-46.06
44.1
-47.04
45.08
-47.04
46.06
47.04
-48.02
48.02
-49
48.02
-49
49
-49.98
49.98
-49.98
50.96
-50.96
51.94
-50.96
52.92
-51.94
52.92
-51.94
53.9
-52.92
54.88
-53.9
54.88
-54.88
55.86
-55.86
56.84
-56.84
56.84
-57.82
57.82
-58.8
57.82
-58.8
58.8
-59.78
59.78
-59.78
59.78
-60.76
60.76
-60.76
60.76
-60.76
61.74
-61.74
61.74
-61.74
62.72
-61.74
62.72
-62.72
63.7
-62.72
63.7
-63.7
63.7
-63.7
64.68
-63.7
64.68
-64.68
64.68
-64.68
64.68
-64.68
64.68
-64.68
65.66
-65.66
65.66
-65.66
66.64
-65.66
66.64
-65.66
66.64
-65.66
67.62
-66.64
67.62
-66.64
67.62
-66.64
67.62
-66.64
67.62
-66.64
67.62
-66.64
67.62
-66.64
68.6
-66.64
68.6
-66.64
68.6
-66.64
68.6
-66.64
68.6
-65.66
67.62
-65.66
67.62
-64.68
67.62
-64.68
67.62
-64.68
66.64
-64.68
66.64
-64.68
66.64
-64.68
66.64
-64.68
66.64
-65.66
66.64
-65.66
66.64
-65.66
66.64
-65.66
66.64
-65.66
66.64
-64.68
66.64
-64.68
66.64
-64.68
66.64
-64.68
66.64
-63.7
66.64
-63.7
66.64
-62.72
66.64
-61.74
66.64
-61.74
65.66
-60.76
65.66
-60.76
64.68
-59.78
63.7
-59.78
62.72
-59.78
61.74
-59.78
60.76
-59.78
60.76
-59.78
59.78
-59.78
59.78
-58.8
59.78
-58.8
59.78
-57.82
59.78
-56.84
58.8
-55.86
57.82
-54.88
56.84
-53.9
55.86
-53.9
54.88
-52.92
53.9
-52.92
52.92
-52.92
52.92
-51.94
52.92
-51.94
52.92
-51.94
52.92
-51.94
52.92
-50.96
52.92
-50.96
52.92
-50.96
52.92
-49.98
52.92
-49.98
52.92
-49.98
52.92
-49.98
52.92
-49.98
51.94
-49
51.94
-49
50.96
-49
49.98
-48.02
49.98
-47.04
49
-46.06
48.02
-45.08
48.02
-44.1
47.04
-43.12
47.04
-42.14
46.06
-42.14
45.08
-41.16
44.1
-41.16
43.12
-40.18
42.14
-39.2
41.16
-38.22
40.18
-37.24
-36.26
39.2
-35.28
39.2
-34.3
-33.32
38.22
-32.34
37.24
-32.34
-31.36
36.26
-31.36
-30.38
35.28
-30.38
-29.4
33.32
34.3
-28.42
-27.44
-26.46
-25.48
32.34
-24.5
-23.52
-22.54
-21.56
29.4
30.38
31.36
-20.58
-19.6
27.44
28.42
-18.62
26.46
-17.64
25.48
-16.66
0
0.98
24.5
-15.68
-0.98
0
0.98
1.96
23.52
-14.7
-0.98
2.94
3.92
12.74
13.72
14.7
15.68
16.66
17.64
18.62
19.6
20.58
21.56
22.54
-13.72
-12.74
-2.94
-1.96
4.9
5.88
6.86
7.84
8.82
9.8
10.78
11.76
-11.76
-3.92
-10.78
-9.8
-8.82
-7.84
-6.86
-5.88
-4.9
14.7
15.68
16.66
-20.58
-19.6
-18.62
-17.64
-16.66
-15.68
-14.7
-13.72
-12.74
-11.76
-10.78
-9.8
-8.82
-7.84
-6.86
-5.88
-4.9
11.76
12.74
13.72
17.64
18.62
19.6
-24.5
-23.52
-22.54
-21.56
-3.92
9.8
10.78
20.58
21.56
22.54
-27.44
-26.46
-25.48
-2.94
8.82
23.52
24.5
25.48
-28.42
-1.96
7.84
26.46
27.44
28.42
-30.38
-29.4
-0.98
6.86
29.4
30.38
-34.3
-33.32
-32.34
-31.36
0
5.88
31.36
32.34
-37.24
-36.26
-35.28
0.98
3.92
4.9
33.32
34.3
-39.2
-38.22
1.96
2.94
35.28
36.26
-41.16
-40.18
37.24
-42.14
38.22
-43.12
39.2
-44.1
40.18
-45.08
41.16
42.14
-45.08
42.14
43.12
-46.06
44.1
-47.04
45.08
46.06
-48.02
47.04
-48.02
48.02
-49
49
-49
49.98
-49.98
50.96
-49.98
50.96
-50.96
51.94
-51.94
52.92
-51.94
53.9
-52.92
53.9
-53.9
54.88
-53.9
55.86
-54.88
55.86
-55.86
56.84
-56.84
56.84
-57.82
57.82
-58.8
58.8
-58.8
58.8
-59.78
59.78
-59.78
59.78
-60.76
60.76
-60.76
61.74
-60.76
61.74
-61.74
62.72
-61.74
62.72
-61.74
62.72
-62.72
63.7
-62.72
63.7
-63.7
63.7
-63.7
64.68
-64.68
64.68
-64.68
64.68
-64.68
64.68
-64.68
65.66
-64.68
65.66
-65.66
65.66
-65.66
66.64
-65.66
66.64
-65.66
66.64
-65.66
67.62
-66.64
67.62
-66.64
67.62
-66.64
67.62
-66.64
67.62
-66.64
67.62
-66.64
67.62
-66.64
67.62
-66.64
67.62
-66.64
67.62
-65.66
67.62
-65.66
67.62
-64.68
67.62
-64.68
67.62
-64.68
66.64
-63.7
66.64
-63.7
66.64
-63.7
66.64
-64.68
65.66
-64.68
65.66
-64.68
66.64
-64.68
66.64
-64.68
66.64
-64.68
66.64
-64.68
66.64
-64.68
66.64
-64.68
66.64
-64.68
66.64
-63.7
66.64
-63.7
66.64
-62.72
66.64
-62.72
66.64
-61.74
65.66
-60.76
65.66
-60.76
64.68
-59.78
63.7
-59.78
62.72
-59.78
61.74
-59.78
60.76
-59.78
59.78
-59.78
59.78
-58.8
59.78
-58.8
59.78
-58.8
59.78
-57.82
58.8
-57.82
58.8
-56.84
58.8
-55.86
56.84
57.82
-54.88
55.86
-53.9
54.88
-53.9
52.92
53.9
-52.92
52.92
-52.92
51.94
-51.94
51.94
-51.94
51.94
-51.94
51.94
-51.94
51.94
-51.94
51.94
-50.96
51.94
-50.96
51.94
-50.96
51.94
-49.98
51.94
-49.98
51.94
-49.98
51.94
-49
51.94
-49
50.96
-49
50.96
-49
49.98
-48.02
49.98
-47.04
49
-47.04
-46.06
48.02
-45.08
48.02
-44.1
47.04
-43.12
47.04
-42.14
46.06
-42.14
46.06
-41.16
45.08
-40.18
44.1
-40.18
42.14
43.12
-39.2
41.16
-38.22
40.18
-37.24
-36.26
40.18
-35.28
39.2
-34.3
-33.32
38.22
-32.34
37.24
-31.36
36.26
-30.38
35.28
-29.4
34.3
-28.42
-27.44
-26.46
-25.48
33.32
-24.5
-23.52
-22.54
-21.56
30.38
31.36
32.34
-20.58
-19.6
28.42
29.4
-18.62
26.46
27.44
-17.64
25.48
-16.66
0
0.98
24.5
-15.68
-0.98
1.96
23.52
-14.7
-1.96
2.94
3.92
21.56
22.54
-13.72
-1.96
4.9
11.76
12.74
13.72
14.7
15.68
16.66
17.64
18.62
19.6
20.58
-12.74
-11.76
-3.92
-2.94
5.88
6.86
7.84
8.82
9.8
10.78
-10.78
-9.8
-5.88
-4.9
-8.82
-7.84
-6.86
-18.62
-17.64
-16.66
-15.68
-14.7
-13.72
-12.74
-11.76
-10.78
-9.8
-8.82
-7.84
-6.86
13.72
14.7
15.68
16.66
17.64
18.62
-24.5
-23.52
-22.54
-21.56
-20.58
-19.6
-5.88
-4.9
-3.92
11.76
12.74
19.6
20.58
21.56
-26.46
-25.48
-2.94
9.8
10.78
22.54
23.52
24.5
25.48
-28.42
-27.44
-1.96
8.82
26.46
27.44
-29.4
-0.98
7.84
28.42
29.4
30.38
-31.36
-30.38
-0.98
6.86
31.36
32.34
-35.28
-34.3
-33.32
-32.34
0
4.9
5.88
33.32
34.3
-38.22
-37.24
-36.26
0.98
1.96
2.94
3.92
35.28
-40.18
-39.2
36.26
-41.16
37.24
-42.14
38.22
-43.12
39.2
-44.1
40.18
-45.08
41.16
-46.06
42.14
43.12
-46.06
44.1
45.08
-47.04
46.06
-48.02
47.04
-48.02
48.02
-49
49
-49.98
49.98
-49.98
50.96
-50.96
51.94
-51.94
52.92
-51.94
52.92
-52.92
53.9
-53.9
54.88
-53.9
54.88
-54.88
55.86
-55.86
55.86
-56.84
56.84
-57.82
57.82
-57.82
57.82
-58.8
58.8
-59.78
58.8
-59.78
59.78
-60.76
60.76
-60.76
60.76
-60.76
61.74
-60.76
61.74
-61.74
62.72
-61.74
62.72
-62.72
62.72
-62.72
63.7
-63.7
63.7
-63.7
63.7
-63.7
64.68
-64.68
64.68
-64.68
64.68
-64.68
64.68
-64.68
65.66
-64.68
65.66
-64.68
66.64
-65.66
66.64
-65.66
66.64
-65.66
66.64
-65.66
67.62
-66.64
67.62
-66.64
67.62
-66.64
67.62
-66.64
67.62
-66.64
67.62
-66.64
67.62
-66.64
67.62
-65.66
67.62
-65.66
67.62
-64.68
67.62
-64.68
67.62
-63.7
67.62
-63.7
66.64
-63.7
66.64
-63.7
65.66
-63.7
65.66
-63.7
65.66
-63.7
65.66
-64.68
65.66
-64.68
65.66
-64.68
65.66
-64.68
65.66
-64.68
65.66
-64.68
65.66
-64.68
65.66
-63.7
65.66
-63.7
65.66
-62.72
65.66
-62.72
65.66
-61.74
65.66
-60.76
65.66
-59.78
64.68
-59.78
64.68
-59.78
63.7
-58.8
61.74
62.72
-58.8
60.76
-58.8
60.76
-58.8
59.78
-58.8
59.78
-58.8
59.78
-58.8
58.8
-57.82
58.8
-56.84
58.8
-56.84
58.8
-55.86
57.82
-54.88
55.86
56.84
-53.9
54.88
-53.9
52.92
53.9
-52.92
51.94
-52.92
51.94
-51.94
50.96
-51.94
50.96
-51.94
50.96
-51.94
50.96
-50.96
50.96
-50.96
50.96
-50.96
50.96
-50.96
50.96
-49.98
51.94
-49.98
50.96
-49.98
50.96
-49
50.96
-49
50.96
-49
50.96
-48.02
49.98
-48.02
49.98
-48.02
49
-47.04
48.02
-46.06
48.02
-45.08
47.04
-44.1
-43.12
47.04
-42.14
46.06
-41.16
46.06
-41.16
45.08
-40.18
44.1
-39.2
43.12
-39.2
-38.22
42.14
-38.22
-37.24
41.16
-37.24
-36.26
40.18
-36.26
-35.28
39.2
-34.3
-33.32
38.22
-32.34
37.24
-31.36
37.24
-30.38
36.26
-29.4
-28.42
35.28
-28.42
-27.44
-26.46
-25.48
-24.5
33.32
34.3
-25.48
-24.5
-23.52
-22.54
-21.56
31.36
32.34
-20.58
28.42
29.4
30.38
-19.6
-18.62
25.48
26.46
27.44
-17.64
0
24.5
25.48
-16.66
-0.98
0
0.98
24.5
-15.68
-1.96
-0.98
1.96
23.52
-14.7
-1.96
2.94
22.54
-13.72
-2.94
3.92
14.7
15.68
16.66
18.62
19.6
20.58
21.56
-12.74
-3.92
-2.94
4.9
5.88
6.86
7.84
8.82
9.8
10.78
11.76
12.74
13.72
17.64
-11.76
-10.78
-4.9
-3.92
-9.8
-8.82
-7.84
-6.86
-5.88
-12.74
-11.76
-10.78
15.68
16.66
-22.54
-21.56
-20.58
-19.6
-18.62
-17.64
-16.66
-15.68
-14.7
-13.72
-9.8
-8.82
-7.84
-6.86
-5.88
-4.9
12.74
13.72
14.7
17.64
18.62
19.6
20.58
-26.46
-25.48
-24.5
-23.52
-3.92
10.78
11.76
21.56
22.54
23.52
24.5
-27.44
-2.94
9.8
25.48
26.46
27.44
-29.4
-28.42
-1.96
8.82
28.42
29.4
-30.38
-0.98
6.86
7.84
30.38
31.36
-32.34
-31.36
-0.98
5.88
32.34
33.32
-36.26
-35.28
-34.3
-33.32
0
3.92
4.9
34.3
35.28
-39.2
-38.22
-37.24
0.98
1.96
2.94
36.26
-40.18
37.24
-41.16
37.24
-42.14
38.22
-43.12
39.2
-44.1
40.18
-45.08
41.16
-46.06
42.14
43.12
-47.04
44.1
45.08
-47.04
46.06
47.04
-48.02
48.02
-49
49
-49
49.98
-49.98
50.96
-50.96
51.94
-50.96
51.94
-51.94
52.92
-52.92
53.9
-52.92
53.9
-53.9
54.88
-54.88
54.88
-55.86
55.86
-55.86
56.84
-56.84
56.84
-57.82
57.82
-58.8
57.82
-58.8
58.8
-59.78
59.78
-59.78
59.78
-60.76
60.76
-60.76
60.76
-60.76
61.74
-61.74
61.74
-61.74
62.72
-61.74
62.72
-62.72
62.72
-62.72
63.7
-63.7
63.7
-63.7
63.7
-63.7
64.68
-63.7
64.68
-64.68
64.68
-64.68
65.66
-64.68
65.66
-64.68
65.66
-64.68
66.64
-65.66
66.64
-65.66
66.64
-65.66
66.64
-65.66
66.64
-65.66
66.64
-66.64
66.64
-66.64
66.64
-65.66
67.62
-65.66
67.62
-65.66
67.62
-65.66
67.62
-64.68
67.62
-64.68
67.62
-63.7
67.62
-63.7
67.62
-63.7
66.64
-62.72
66.64
-62.72
65.66
-63.7
65.66
-63.7
64.68
-63.7
64.68
-63.7
63.7
64.68
-63.7
63.7
64.68
-64.68
63.7
64.68
-64.68
63.7
64.68
-64.68
64.68
-63.7
64.68
-63.7
64.68
-63.7
65.66
-62.72
65.66
-62.72
65.66
-61.74
65.66
-60.76
64.68
-59.78
64.68
-59.78
64.68
-58.8
63.7
-58.8
62.72
-58.8
61.74
-58.8
60.76
-58.8
59.78
-58.8
59.78
-57.82
58.8
-57.82
58.8
-57.82
58.8
-56.84
58.8
-55.86
58.8
-55.86
57.82
-54.88
56.84
-53.9
54.88
55.86
-53.9
52.92
53.9
-52.92
51.94
-52.92
50.96
-51.94
50.96
-51.94
50.96
-51.94
50.96
-51.94
50.96
-50.96
50.96
-50.96
50.96
-50.96
50.96
-50.96
50.96
-49.98
50.96
-49.98
50.96
-49.98
50.96
-49
50.96
-49
49.98
-48.02
49.98
-48.02
49.98
-48.02
49
-47.04
49
-47.04
48.02
-46.06
48.02
-45.08
47.04
-44.1
47.04
-43.12
46.06
-42.14
-41.16
46.06
-40.18
45.08
-40.18
-39.2
45.08
-39.2
-38.22
44.1
-38.22
-37.24
42.14
43.12
-37.24
41.16
-36.26
-35.28
40.18
-35.28
-34.3
39.2
-34.3
-33.32
38.22
-32.34
-31.36
37.24
-31.36
-30.38
37.24
-30.38
-29.4
36.26
-29.4
-28.42
-27.44
35.28
-27.44
-26.46
-25.48
-24.5
-23.52
34.3
-23.52
-22.54
-21.56
32.34
33.32
-20.58
27.44
28.42
29.4
30.38
31.36
-19.6
25.48
26.46
27.44
-18.62
0
24.5
-17.64
-0.98
0.98
23.52
-16.66
-1.96
1.96
23.52
-15.68
-2.94
2.94
22.54
-14.7
-2.94
3.92
20.58
21.56
-13.72
-12.74
-3.92
4.9
12.74
13.72
14.7
15.68
16.66
17.64
18.62
19.6
-11.76
-4.9
5.88
6.86
7.84
8.82
9.8
10.78
11.76
-10.78
-9.8
-8.82
-7.84
-6.86
-5.88
-20.58
-19.6
-18.62
-17.64
-16.66
-15.68
-14.7
-13.72
-12.74
-11.76
-10.78
-9.8
-8.82
-7.84
-6.86
14.7
15.68
16.66
17.64
18.62
19.6
-25.48
-24.5
-23.52
-22.54
-21.56
-5.88
-4.9
12.74
13.72
20.58
21.56
22.54
-27.44
-26.46
-3.92
10.78
11.76
23.52
24.5
25.48
-28.42
-2.94
8.82
9.8
26.46
27.44
28.42
-29.4
-1.96
7.84
29.4
30.38
-30.38
-0.98
5.88
6.86
31.36
32.34
33.32
-32.34
-31.36
-0.98
4.9
34.3
-37.24
-36.26
-35.28
-34.3
-33.32
0
0.98
2.94
3.92
35.28
-39.2
-38.22
1.96
36.26
-41.16
-40.18
37.24
-42.14
37.24
-43.12
38.22
-44.1
39.2
-44.1
40.18
-45.08
41.16
42.14
-46.06
43.12
44.1
-47.04
45.08
46.06
-48.02
47.04
-48.02
48.02
-49
49
-49.98
49.98
-50.96
50.96
-50.96
51.94
-51.94
52.92
-52.92
52.92
-52.92
53.9
-53.9
54.88
-54.88
54.88
-54.88
55.86
-55.86
55.86
-56.84
56.84
-57.82
56.84
-57.82
57.82
-58.8
58.8
-59.78
58.8
-59.78
59.78
-59.78
59.78
-60.76
60.76
-60.76
60.76
-60.76
61.74
-61.74
61.74
-61.74
62.72
-62.72
62.72
-62.72
62.72
-62.72
63.7
-63.7
63.7
-63.7
63.7
-63.7
64.68
-63.7
64.68
-63.7
64.68
-64.68
65.66
-64.68
65.66
-64.68
65.66
-64.68
66.64
-64.68
66.64
-65.66
66.64
-65.66
66.64
-65.66
66.64
-65.66
66.64
-65.66
66.64
-65.66
66.64
-65.66
66.64
-64.68
67.62
-64.68
67.62
-64.68
67.62
-63.7
67.62
-63.7
67.62
-62.72
66.64
-62.72
66.64
-62.72
65.66
-62.72
65.66
-62.72
64.68
-62.72
63.7
-63.7
63.7
-63.7
62.72
-63.7
62.72
-63.7
62.72
-63.7
62.72
-63.7
63.7
-63.7
63.7
-63.7
63.7
-62.72
64.68
-62.72
64.68
-61.74
64.68
-60.76
64.68
-59.78
64.68
-59.78
63.7
-58.8
63.7
-58.8
62.72
-57.82
61.74
-57.82
60.76
-57.82
59.78
-57.82
59.78
-57.82
58.8
-56.84
58.8
-56.84
58.8
-56.84
-55.86
58.8
-55.86
58.8
-54.88
57.82
-54.88
57.82
-53.9
55.86
56.84
-53.9
53.9
54.88
-52.92
51.94
52.92
-52.92
50.96
-51.94
50.96
-51.94
49.98
-51.94
49.98
-50.96
49.98
-50.96
49.98
-50.96
49.98
-50.96
49.98
-50.96
49.98
-49.98
49.98
-49.98
49.98
-49.98
49.98
-49
49.98
-49
49.98
-48.02
49.98
-48.02
49
-47.04
49
-47.04
49
-47.04
48.02
-46.06
47.04
-46.06
47.04
-45.08
-44.1
47.04
-43.12
46.06
-42.14
46.06
-41.16
-40.18
45.08
-39.2
45.08
-38.22
-37.24
44.1
-37.24
-36.26
43.12
-36.26
-35.28
42.14
-36.26
-35.28
-34.3
41.16
-34.3
-33.32
39.2
40.18
-33.32
-32.34
38.22
-32.34
-31.36
-30.38
37.24
-30.38
-29.4
36.26
-29.4
-28.42
-27.44
35.28
36.26
-28.42
-27.44
-26.46
-25.48
35.28
-26.46
-25.48
-24.5
-23.52
33.32
34.3
-22.54
-21.56
31.36
32.34
33.32
-20.58
26.46
27.44
28.42
29.4
30.38
31.36
-19.6
25.48
26.46
-18.62
0
24.5
-17.64
-0.98
0.98
1.96
23.52
-17.64
-1.96
1.96
22.54
-16.66
-15.68
-2.94
2.94
22.54
-14.7
-3.92
3.92
21.56
-13.72
-3.92
4.9
17.64
18.62
19.6
20.58
-12.74
-11.76
-4.9
5.88
6.86
9.8
10.78
11.76
12.74
13.72
14.7
15.68
16.66
-10.78
-9.8
-8.82
-7.84
-6.86
-5.88
7.84
8.82
-14.7
-13.72
-12.74
-11.76
-10.78
-23.52
-22.54
-21.56
-20.58
-19.6
-18.62
-17.64
-16.66
-15.68
-9.8
-8.82
-7.84
-6.86
-5.88
13.72
14.7
15.68
16.66
17.64
18.62
19.6
20.58
21.56
-26.46
-25.48
-24.5
-4.9
11.76
12.74
22.54
23.52
24.5
-28.42
-27.44
-3.92
9.8
10.78
25.48
26.46
27.44
-29.4
-2.94
7.84
8.82
28.42
29.4
-30.38
-1.96
6.86
30.38
31.36
32.34
-31.36
-1.96
4.9
5.88
33.32
-33.32
-32.34
-0.98
3.92
34.3
35.28
-38.22
-37.24
-36.26
-35.28
-34.3
0
0.98
1.96
2.94
36.26
-40.18
-39.2
36.26
-41.16
37.24
-42.14
37.24
-43.12
38.22
-44.1
39.2
-45.08
40.18
-45.08
41.16
42.14
43.12
-46.06
44.1
45.08
-47.04
46.06
47.04
-48.02
48.02
-49
49
-49
49.98
-49.98
50.96
-50.96
50.96
-51.94
51.94
-52.92
52.92
-52.92
52.92
-53.9
53.9
-54.88
54.88
-54.88
54.88
-55.86
55.86
-56.84
55.86
-56.84
56.84
-57.82
56.84
-58.8
57.82
-58.8
58.8
-59.78
58.8
-59.78
59.78
-59.78
59.78
-60.76
60.76
-60.76
60.76
-61.74
61.74
-61.74
61.74
-61.74
62.72
-62.72
62.72
-62.72
62.72
-62.72
63.7
-63.7
63.7
-63.7
63.7
-63.7
64.68
-63.7
64.68
-63.7
64.68
-63.7
65.66
-63.7
65.66
-64.68
65.66
-64.68
65.66
-64.68
66.64
-64.68
66.64
-64.68
66.64
-64.68
66.64
-64.68
66.64
-64.68
66.64
-64.68
66.64
-64.68
66.64
-63.7
66.64
-63.7
66.64
-63.7
66.64
-62.72
66.64
-62.72
66.64
-62.72
66.64
-62.72
65.66
-62.72
64.68
-62.72
64.68
-62.72
63.7
-62.72
62.72
-63.7
61.74
-63.7
61.74
-63.7
61.74
-63.7
61.74
-63.7
62.72
-63.7
62.72
-62.72
62.72
-62.72
63.7
-61.74
63.7
-60.76
63.7
-59.78
63.7
-58.8
63.7
-58.8
63.7
-57.82
62.72
-57.82
62.72
-57.82
60.76
61.74
-56.84
59.78
-56.84
59.78
-56.84
58.8
-56.84
-55.86
58.8
-55.86
58.8
-55.86
-54.88
58.8
-54.88
57.82
-54.88
-53.9
57.82
-53.9
57.82
-53.9
56.84
-52.92
54.88
55.86
-52.92
52.92
53.9
-52.92
51.94
-51.94
50.96
-51.94
49.98
-51.94
49.98
-50.96
49.98
-50.96
49.98
-50.96
49.98
-50.96
49.98
-49.98
49.98
-49.98
49.98
-49.98
49.98
-49.98
49.98
-49
49.98
-49
49.98
-48.02
49
-48.02
49
-47.04
49
-47.04
48.02
-46.06
48.02
-46.06
47.04
-46.06
47.04
-45.08
46.06
-44.1
46.06
-43.12
-42.14
45.08
-41.16
-40.18
45.08
-39.2
-38.22
44.1
-38.22
-37.24
-36.26
44.1
-36.26
-35.28
43.12
-35.28
-34.3
42.14
-34.3
-33.32
41.16
-33.32
-32.34
40.18
-32.34
-31.36
38.22
39.2
-31.36
-30.38
-29.4
37.24
-29.4
-28.42
36.26
-28.42
-27.44
-26.46
35.28
-26.46
-25.48
-24.5
34.3
-24.5
-23.52
32.34
33.32
34.3
-22.54
-21.56
26.46
27.44
28.42
29.4
30.38
31.36
32.34
-20.58
25.48
26.46
27.44
28.42
29.4
30.38
-20.58
24.5
25.48
-19.6
0
24.5
-18.62
-0.98
0.98
1.96
23.52
-17.64
-1.96
2.94
22.54
-16.66
-2.94
2.94
21.56
22.54
-15.68
-3.92
3.92
20.58
21.56
-14.7
-4.9
-3.92
4.9
18.62
19.6
20.58
-13.72
-12.74
-4.9
4.9
5.88
12.74
13.72
14.7
15.68
16.66
17.64
18.62
-11.76
-10.78
-9.8
-6.86
-5.88
6.86
7.84
8.82
9.8
10.78
11.76
-8.82
-7.84
-18.62
-17.64
-16.66
-15.68
-14.7
-13.72
-12.74
-11.76
-10.78
-9.8
-8.82
16.66
17.64
18.62
-25.48
-24.5
-23.52
-22.54
-21.56
-20.58
-19.6
-7.84
-6.86
-5.88
13.72
14.7
15.68
19.6
20.58
21.56
22.54
-27.44
-26.46
-4.9
10.78
11.76
12.74
23.52
24.5
25.48
-28.42
-3.92
8.82
9.8
26.46
27.44
-29.4
-2.94
6.86
7.84
28.42
29.4
30.38
-30.38
-1.96
5.88
31.36
32.34
-31.36
-1.96
4.9
33.32
34.3
-36.26
-35.28
-34.3
-33.32
-32.34
-0.98
3.92
35.28
-39.2
-38.22
-37.24
0
0.98
1.96
2.94
36.26
-40.18
36.26
-41.16
37.24
-42.14
37.24
-43.12
38.22
-44.1
39.2
-45.08
40.18
41.16
42.14
-46.06
43.12
44.1
-47.04
45.08
46.06
-47.04
47.04
-48.02
48.02
-49
49
-49.98
49.98
-50.96
50.96
-51.94
51.94
-51.94
51.94
-52.92
52.92
-53.9
53.9
-53.9
53.9
-54.88
54.88
-55.86
54.88
-55.86
55.86
-56.84
55.86
-57.82
56.84
-57.82
57.82
-58.8
57.82
-58.8
58.8
-59.78
58.8
-59.78
59.78
-60.76
59.78
-60.76
60.76
-60.76
60.76
-61.74
61.74
-61.74
61.74
-61.74
62.72
-62.72
62.72
-62.72
62.72
-62.72
63.7
-62.72
63.7
-63.7
63.7
-63.7
64.68
-63.7
64.68
-63.7
64.68
-63.7
65.66
-63.7
65.66
-63.7
65.66
-63.7
65.66
-64.68
-63.7
65.66
-64.68
65.66
-64.68
-63.7
65.66
-64.68
-63.7
65.66
-63.7
65.66
-63.7
66.64
-63.7
66.64
-63.7
66.64
-62.72
66.64
-62.72
66.64
-62.72
66.64
-62.72
66.64
-62.72
65.66
-62.72
65.66
-62.72
64.68
-62.72
63.7
-62.72
62.72
-62.72
61.74
-62.72
60.76
-62.72
60.76
-62.72
60.76
-62.72
60.76
-62.72
61.74
-62.72
61.74
-62.72
61.74
-61.74
62.72
-60.76
62.72
-59.78
62.72
-58.8
62.72
-58.8
62.72
-57.82
62.72
-57.82
62.72
-56.84
61.74
-56.84
60.76
-55.86
59.78
-55.86
58.8
-55.86
-54.88
58.8
-54.88
58.8
-54.88
57.82
-53.9
57.82
-53.9
57.82
-52.92
57.82
-52.92
56.84
-52.92
55.86
56.84
-52.92
53.9
54.88
-52.92
51.94
52.92
-51.94
50.96
-51.94
50.96
-51.94
49.98
-50.96
49.98
-50.96
49.98
-50.96
49.98
-49.98
49.98
-49.98
49.98
-49.98
49.98
-49.98
49.98
-49.98
49.98
-49
49.98
-49
49.98
-48.02
49
-48.02
49
-47.04
49
-47.04
48.02
-46.06
48.02
-46.06
47.04
-45.08
47.04
-45.08
46.06
-44.1
46.06
-43.12
45.08
-42.14
-41.16
45.08
-40.18
-39.2
-38.22
44.1
-37.24
-36.26
-35.28
44.1
-35.28
-34.3
43.12
-34.3
-33.32
42.14
-33.32
-32.34
41.16
-32.34
-31.36
40.18
-31.36
-30.38
39.2
-30.38
-29.4
37.24
38.22
-28.42
-27.44
36.26
-27.44
-26.46
35.28
-25.48
-24.5
26.46
27.44
28.42
33.32
34.3
-23.52
25.48
26.46
27.44
28.42
29.4
30.38
31.36
32.34
33.32
-22.54
25.48
26.46
27.44
28.42
29.4
30.38
31.36
-21.56
24.5
25.48
-20.58
24.5
-19.6
23.52
-18.62
-0.98
0
0.98
1.96
23.52
-17.64
-1.96
2.94
22.54
-17.64
-2.94
2.94
3.92
21.56
-16.66
-3.92
3.92
20.58
-15.68
-14.7
-4.9
4.9
17.64
18.62
19.6
-13.72
-5.88
5.88
12.74
13.72
14.7
15.68
16.66
17.64
-12.74
-11.76
-10.78
-7.84
-6.86
-5.88
6.86
7.84
8.82
9.8
10.78
11.76
12.74
-9.8
-8.82
-7.84
-23.52
-22.54
-21.56
-20.58
-19.6
-18.62
-17.64
-16.66
-15.68
-14.7
-13.72
-12.74
-11.76
-10.78
-9.8
-8.82
-7.84
15.68
16.66
17.64
18.62
19.6
-26.46
-25.48
-24.5
-6.86
-5.88
12.74
13.72
14.7
20.58
21.56
22.54
23.52
-27.44
-5.88
-4.9
9.8
10.78
11.76
24.5
25.48
-28.42
-3.92
7.84
8.82
26.46
27.44
28.42
-29.4
-2.94
5.88
6.86
29.4
30.38
31.36
-30.38
-2.94
4.9
32.34
33.32
-32.34
-31.36
-1.96
3.92
34.3
-37.24
-36.26
-35.28
-34.3
-33.32
-0.98
2.94
35.28
-39.2
-38.22
0
0.98
1.96
36.26
-41.16
-40.18
36.26
-42.14
37.24
-43.12
37.24
-44.1
38.22
-44.1
39.2
40.18
41.16
-45.08
42.14
43.12
-46.06
44.1
45.08
-47.04
46.06
47.04
-48.02
48.02
-49
49
-49.98
49.98
-50.96
49.98
-50.96
50.96
-51.94
51.94
-52.92
52.92
-53.9
52.92
-53.9
53.9
-54.88
53.9
-54.88
54.88
-55.86
54.88
-56.84
55.86
-56.84
55.86
-57.82
56.84
-58.8
57.82
-58.8
57.82
-58.8
58.8
-59.78
58.8
-59.78
59.78
-60.76
59.78
-60.76
60.76
-60.76
60.76
-61.74
61.74
-61.74
61.74
-61.74
62.72
-62.72
62.72
-62.72
62.72
-62.72
63.7
-62.72
63.7
-62.72
63.7
-62.72
63.7
-62.72
64.68
-62.72
64.68
-62.72
64.68
-62.72
65.66
-62.72
65.66
-62.72
65.66
-63.7
-62.72
65.66
-62.72
65.66
-62.72
65.66
-62.72
65.66
-62.72
65.66
-62.72
66.64
-62.72
66.64
-62.72
66.64
-62.72
66.64
-62.72
66.64
-62.72
66.64
-62.72
65.66
-62.72
65.66
-62.72
63.7
64.68
-62.72
62.72
-62.72
61.74
-62.72
60.76
-62.72
60.76
-62.72
60.76
-62.72
60.76
-62.72
60.76
-62.72
60.76
-61.74
61.74
-61.74
61.74
-60.76
61.74
-59.78
61.74
-58.8
62.72
-58.8
62.72
-57.82
61.74
-56.84
61.74
-56.84
61.74
-55.86
60.76
-55.86
59.78
-54.88
58.8
-54.88
58.8
-53.9
57.82
-53.9
57.82
-53.9
57.82
-52.92
57.82
-52.92
57.82
-52.92
56.84
-52.92
56.84
-51.94
55.86
-51.94
53.9
54.88
-51.94
51.94
52.92
-51.94
50.96
-51.94
49.98
-50.96
49.98
-50.96
49.98
-50.96
49.98
-49.98
49.98
-49.98
49.98
-49.98
49.98
-49
49.98
-49
49.98
-49
49.98
-49
49
-48.02
49
-48.02
49
-47.04
48.02
-47.04
48.02
-46.06
47.04
-46.06
47.04
-45.08
46.06
-45.08
46.06
-44.1
45.08
-43.12
45.08
-42.14
-41.16
44.1
-40.18
-39.2
-38.22
44.1
-37.24
-36.26
-35.28
43.12
-34.3
42.14
43.12
-33.32
42.14
-32.34
41.16
-31.36
40.18
-30.38
38.22
39.2
-29.4
37.24
38.22
-28.42
-27.44
26.46
27.44
28.42
36.26
-26.46
26.46
27.44
28.42
29.4
34.3
35.28
-25.48
-24.5
25.48
26.46
27.44
28.42
29.4
30.38
31.36
32.34
33.32
34.3
-23.52
25.48
29.4
30.38
31.36
32.34
-22.54
24.5
-21.56
24.5
-20.58
23.52
-19.6
23.52
-18.62
0
0.98
1.96
22.54
-18.62
-1.96
-0.98
2.94
21.56
22.54
-17.64
-2.94
3.92
4.9
20.58
21.56
-16.66
-3.92
4.9
5.88
18.62
19.6
20.58
-15.68
-4.9
4.9
5.88
6.86
12.74
13.72
14.7
15.68
16.66
17.64
18.62
19.6
-14.7
-13.72
-5.88
5.88
6.86
7.84
8.82
9.8
10.78
11.76
12.74
13.72
14.7
15.68
16.66
-12.74
-11.76
-7.84
-6.86
6.86
7.84
8.82
9.8
10.78
11.76
-10.78
-9.8
-8.82
-24.5
-23.52
-22.54
-21.56
-20.58
-19.6
-18.62
-17.64
-16.66
-15.68
-14.7
-13.72
-12.74
-11.76
-10.78
-9.8
-8.82
-7.84
14.7
15.68
16.66
17.64
18.62
19.6
20.58
-26.46
-25.48
-6.86
10.78
11.76
12.74
13.72
21.56
22.54
23.52
-27.44
-5.88
-4.9
7.84
8.82
9.8
23.52
24.5
25.48
-28.42
-3.92
6.86
26.46
27.44
28.42
-29.4
-3.92
5.88
29.4
30.38
31.36
-30.38
-29.4
-2.94
4.9
32.34
33.32
-36.26
-35.28
-34.3
-33.32
-32.34
-31.36
-1.96
3.92
34.3
-38.22
-37.24
-0.98
2.94
34.3
35.28
-40.18
-39.2
0
0.98
1.96
35.28
-41.16
36.26
-42.14
36.26
-43.12
37.24
-44.1
38.22
39.2
40.18
-45.08
41.16
42.14
-46.06
43.12
44.1
-47.04
45.08
46.06
-47.04
47.04
-48.02
48.02
-49
49
-49.98
49.98
-50.96
50.96
-51.94
50.96
-51.94
51.94
-52.92
52.92
-53.9
52.92
-54.88
53.9
-54.88
53.9
-55.86
54.88
-55.86
54.88
-56.84
55.86
-57.82
55.86
-57.82
56.84
-58.8
57.82
-58.8
57.82
-58.8
58.8
-59.78
58.8
-59.78
59.78
-60.76
59.78
-60.76
60.76
-60.76
60.76
-61.74
61.74
-61.74
61.74
-61.74
61.74
-61.74
62.72
-62.72
62.72
-62.72
62.72
-62.72
63.7
-62.72
63.7
-61.74
63.7
-61.74
64.68
-61.74
64.68
-61.74
64.68
-61.74
64.68
-61.74
65.66
-61.74
65.66
-61.74
65.66
-61.74
65.66
-61.74
65.66
-61.74
65.66
-61.74
65.66
-61.74
65.66
-61.74
65.66
-61.74
66.64
-61.74
65.66
-62.72
65.66
-62.72
65.66
-62.72
64.68
-62.72
63.7
-62.72
62.72
-61.74
61.74
-61.74
60.76
-61.74
60.76
-61.74
60.76
-61.74
60.76
-61.74
60.76
-61.74
60.76
-60.76
60.76
-60.76
-59.78
60.76
-59.78
61.74
-58.8
61.74
-57.82
61.74
-57.82
61.74
-56.84
61.74
-56.84
60.76
-55.86
60.76
-55.86
59.78
-54.88
58.8
-53.9
57.82
-53.9
57.82
-52.92
57.82
-52.92
57.82
-52.92
57.82
-52.92
57.82
-51.94
56.84
-51.94
56.84
-51.94
55.86
-51.94
54.88
-51.94
52.92
53.9
-51.94
51.94
-51.94
50.96
-51.94
49.98
-50.96
49.98
-50.96
49.98
-49.98
49.98
-49.98
49.98
-49
49.98
-49
49.98
-49
49.98
-49
49.98
-49
49.98
-48.02
49
-48.02
49
-47.04
48.02
-47.04
48.02
-46.06
47.04
-45.08
47.04
-45.08
46.06
-44.1
46.06
-44.1
45.08
-43.12
44.1
-42.14
44.1
-41.16
-40.18
-39.2
-38.22
43.12
-37.24
-36.26
-35.28
42.14
43.12
-34.3
42.14
-33.32
41.16
-32.34
40.18
41.16
-31.36
39.2
40.18
-30.38
38.22
39.2
-29.4
37.24
-28.42
-27.44
26.46
27.44
28.42
29.4
30.38
35.28
36.26
-26.46
25.48
29.4
30.38
31.36
32.34
33.32
34.3
35.28
-25.48
-24.5
25.48
30.38
31.36
32.34
33.32
-23.52
24.5
-22.54
24.5
-21.56
23.52
-20.58
23.52
-19.6
22.54
-19.6
0
0.98
1.96
22.54
-18.62
-0.98
2.94
3.92
21.56
-17.64
-2.94
-1.96
3.92
4.9
5.88
19.6
20.58
-16.66
-3.92
5.88
6.86
7.84
8.82
9.8
10.78
11.76
12.74
13.72
14.7
15.68
16.66
17.64
18.62
19.6
-15.68
-4.9
6.86
7.84
8.82
9.8
10.78
11.76
12.74
13.72
14.7
15.68
16.66
17.64
-14.7
-5.88
7.84
8.82
9.8
10.78
11.76
-13.72
-12.74
-11.76
-7.84
-6.86
-10.78
-9.8
-8.82
-21.56
-20.58
-19.6
-18.62
-17.64
-16.66
-15.68
-14.7
-13.72
-12.74
-25.48
-24.5
-23.52
-22.54
-11.76
-10.78
-9.8
-8.82
-7.84
12.74
13.72
14.7
15.68
16.66
17.64
18.62
19.6
20.58
-26.46
-6.86
8.82
9.8
10.78
11.76
20.58
21.56
22.54
-27.44
-5.88
-4.9
6.86
7.84
23.52
24.5
25.48
-28.42
-3.92
5.88
25.48
26.46
27.44
28.42
-28.42
-3.92
4.9
29.4
30.38
31.36
-30.38
-29.4
-2.94
4.9
31.36
32.34
33.32
-37.24
-36.26
-35.28
-34.3
-33.32
-32.34
-31.36
-30.38
-1.96
3.92
33.32
-39.2
-38.22
-0.98
2.94
34.3
-40.18
0
0.98
1.96
34.3
35.28
-41.16
35.28
-42.14
36.26
-43.12
37.24
38.22
39.2
-44.1
40.18
41.16
-45.08
42.14
43.12
-46.06
44.1
45.08
-47.04
46.06
-48.02
47.04
-49
48.02
-49.98
49
-49.98
49.98
-50.96
50.96
-51.94
50.96
-52.92
51.94
-52.92
52.92
-53.9
52.92
-54.88
52.92
-54.88
53.9
-55.86
54.88
-56.84
54.88
-56.84
55.86
-57.82
55.86
-57.82
56.84
-58.8
56.84
-58.8
57.82
-58.8
57.82
-59.78
58.8
-59.78
58.8
-60.76
59.78
-60.76
60.76
-60.76
60.76
-61.74
61.74
-61.74
61.74
-61.74
61.74
-61.74
62.72
-61.74
62.72
-61.74
62.72
-61.74
62.72
-61.74
63.7
-61.74
63.7
-60.76
64.68
-60.76
64.68
-60.76
64.68
-60.76
64.68
-60.76
-59.78
64.68
-60.76
-59.78
64.68
-60.76
64.68
-60.76
65.66
-60.76
65.66
-60.76
65.66
-61.74
65.66
-61.74
65.66
-61.74
65.66
-61.74
65.66
-61.74
65.66
-61.74
64.68
-61.74
63.7
64.68
-61.74
62.72
-61.74
61.74
-61.74
60.76
-61.74
60.76
-61.74
60.76
-61.74
-60.76
59.78
-60.76
60.76
-60.76
60.76
-60.76
-59.78
60.76
-59.78
60.76
-58.8
60.76
-58.8
60.76
-57.82
60.76
-57.82
60.76
-56.84
60.76
-55.86
60.76
-55.86
59.78
-54.88
59.78
-54.88
58.8
-53.9
57.82
-53.9
57.82
-52.92
57.82
-52.92
57.82
-52.92
56.84
-51.94
56.84
-51.94
56.84
-51.94
56.84
-51.94
55.86
-51.94
55.86
-51.94
53.9
54.88
-51.94
52.92
-51.94
51.94
-51.94
50.96
-50.96
49.98
-50.96
49.98
-49.98
49.98
-49.98
49.98
-49
49.98
-49
49.98
-49
49.98
-49
49.98
-48.02
49.98
-48.02
49
-48.02
49
-47.04
49
-47.04
48.02
-46.06
47.04
-46.06
47.04
-45.08
46.06
-44.1
45.08
-43.12
44.1
45.08
-43.12
44.1
-42.14
-41.16
43.12
-41.16
-40.18
-39.2
42.14
43.12
-38.22
-37.24
-36.26
-35.28
41.16
42.14
-34.3
40.18
41.16
-33.32
39.2
40.18
41.16
-32.34
38.22
39.2
40.18
-31.36
37.24
38.22
39.2
-30.38
37.24
38.22
-29.4
28.42
29.4
30.38
35.28
36.26
37.24
-28.42
-27.44
26.46
27.44
28.42
29.4
30.38
31.36
32.34
33.32
34.3
35.28
36.26
-26.46
25.48
31.36
32.34
33.32
34.3
-25.48
-24.5
24.5
-23.52
24.5
-22.54
23.52
-21.56
23.52
-20.58
23.52
-19.6
22.54
-19.6
21.56
-18.62
-0.98
0
0.98
1.96
2.94
3.92
4.9
20.58
21.56
-17.64
-1.96
4.9
5.88
6.86
7.84
8.82
9.8
10.78
11.76
12.74
13.72
14.7
15.68
16.66
17.64
18.62
19.6
20.58
-16.66
-2.94
6.86
7.84
8.82
9.8
10.78
11.76
12.74
13.72
14.7
15.68
16.66
17.64
18.62
-15.68
-3.92
-14.7
-5.88
-4.9
-13.72
-12.74
-11.76
-7.84
-6.86
-10.78
-9.8
-8.82
-23.52
-22.54
-21.56
-20.58
-19.6
-18.62
-17.64
-16.66
-15.68
-14.7
-13.72
-12.74
-11.76
-10.78
-25.48
-24.5
-9.8
-8.82
-7.84
9.8
10.78
11.76
12.74
13.72
14.7
15.68
16.66
17.64
18.62
19.6
-26.46
-25.48
-6.86
7.84
8.82
20.58
21.56
22.54
-27.44
-26.46
-5.88
-4.9
6.86
22.54
23.52
24.5
-27.44
-3.92
5.88
25.48
26.46
27.44
28.42
-28.42
-2.94
4.9
28.42
29.4
30.38
-29.4
-28.42
-1.96
3.92
30.38
31.36
32.34
-38.22
-37.24
-36.26
-35.28
-34.3
-33.32
-32.34
-31.36
-30.38
-0.98
3.92
32.34
33.32
-39.2
0
0.98
1.96
2.94
33.32
-40.18
33.32
34.3
-41.16
35.28
-43.12
-42.14
36.26
37.24
-44.1
38.22
39.2
40.18
-44.1
41.16
42.14
-45.08
43.12
44.1
-46.06
45.08
-47.04
46.06
-48.02
47.04
-49
48.02
-49.98
49
-50.96
49.98
-50.96
50.96
-51.94
50.96
-52.92
51.94
-53.9
51.94
-53.9
52.92
-54.88
52.92
-55.86
53.9
-55.86
53.9
-56.84
54.88
-56.84
55.86
-57.82
55.86
-57.82
56.84
-58.8
56.84
-58.8
57.82
-58.8
57.82
-59.78
58.8
-59.78
58.8
-59.78
59.78
-60.76
59.78
-60.76
60.76
-60.76
60.76
-61.74
61.74
-61.74
61.74
-61.74
61.74
-61.74
62.72
-60.76
62.72
-60.76
62.72
-60.76
63.7
-59.78
63.7
-59.78
63.7
-59.78
64.68
-59.78
64.68
-58.8
64.68
-58.8
64.68
-59.78
64.68
-59.78
64.68
-59.78
64.68
-60.76
65.66
-60.76
65.66
-61.74
65.66
-61.74
65.66
-61.74
65.66
-61.74
64.68
-61.74
64.68
-61.74
63.7
-61.74
62.72
-61.74
61.74
-60.76
60.76
-60.76
60.76
-60.76
-59.78
59.78
-59.78
59.78
-59.78
-58.8
60.76
-59.78
-58.8
60.76
-58.8
60.76
-58.8
-57.82
60.76
-57.82
60.76
-57.82
60.76
-56.84
60.76
-56.84
60.76
-55.86
59.78
-55.86
59.78
-54.88
58.8
-54.88
58.8
-53.9
57.82
-53.9
57.82
-52.92
56.84
-52.92
56.84
-51.94
56.84
-51.94
56.84
-51.94
56.84
-51.94
56.84
-51.94
55.86
-51.94
55.86
-51.94
54.88
-51.94
52.92
53.9
-51.94
51.94
-51.94
50.96
-50.96
50.96
-50.96
49.98
-49.98
49.98
-49.98
49.98
-49
49.98
-49
49.98
-48.02
49.98
-48.02
49.98
-48.02
49.98
-48.02
49
-48.02
49
-47.04
49
-47.04
48.02
-46.06
47.04
-46.06
47.04
-45.08
46.06
-44.1
45.08
-43.12
44.1
-43.12
-42.14
43.12
-42.14
-41.16
42.14
43.12
-40.18
-39.2
-38.22
41.16
42.14
-38.22
-37.24
-36.26
39.2
40.18
41.16
-35.28
-34.3
36.26
37.24
38.22
39.2
40.18
-33.32
35.28
36.26
37.24
38.22
39.2
-32.34
34.3
35.28
36.26
37.24
38.22
-31.36
33.32
34.3
35.28
36.26
37.24
-31.36
31.36
32.34
33.32
34.3
35.28
36.26
-30.38
-29.4
28.42
29.4
30.38
31.36
32.34
33.32
34.3
35.28
36.26
-28.42
26.46
27.44
31.36
32.34
33.32
34.3
-27.44
-26.46
25.48
-25.48
24.5
-24.5
23.52
-23.52
-22.54
23.52
-21.56
23.52
-20.58
22.54
-20.58
22.54
-19.6
21.56
-18.62
0
0.98
1.96
2.94
3.92
4.9
20.58
-17.64
-1.96
-0.98
5.88
6.86
7.84
8.82
9.8
10.78
11.76
12.74
13.72
14.7
15.68
16.66
17.64
18.62
19.6
-16.66
-2.94
-15.68
-3.92
-14.7
-13.72
-4.9
-13.72
-12.74
-11.76
-7.84
-6.86
-5.88
-10.78
-9.8
-8.82
-23.52
-22.54
-21.56
-20.58
-19.6
-18.62
-17.64
-16.66
-15.68
-14.7
-13.72
-12.74
-11.76
-10.78
-9.8
13.72
14.7
-24.5
-23.52
-8.82
-7.84
8.82
9.8
10.78
11.76
12.74
15.68
16.66
17.64
18.62
19.6
-25.48
-24.5
-6.86
-5.88
6.86
7.84
20.58
21.56
-26.46
-25.48
-4.9
5.88
22.54
23.52
24.5
-27.44
-26.46
-3.92
5.88
24.5
25.48
26.46
27.44
-27.44
-2.94
4.9
26.46
27.44
28.42
29.4
-29.4
-28.42
-1.96
3.92
29.4
30.38
31.36
-38.22
-37.24
-36.26
-35.28
-34.3
-33.32
-32.34
-31.36
-30.38
-0.98
0
2.94
30.38
31.36
32.34
-39.2
-38.22
0.98
1.96
31.36
32.34
-40.18
33.32
34.3
-42.14
-41.16
35.28
36.26
-43.12
-42.14
37.24
38.22
39.2
-44.1
40.18
41.16
-45.08
42.14
-46.06
43.12
44.1
-47.04
45.08
-47.04
46.06
-48.02
47.04
-49
48.02
-49.98
49
-50.96
49.98
-50.96
50.96
-51.94
50.96
-52.92
51.94
-53.9
51.94
-53.9
51.94
-54.88
52.92
-55.86
52.92
-55.86
53.9
-56.84
54.88
-56.84
54.88
-57.82
55.86
-57.82
55.86
-57.82
56.84
-58.8
56.84
-58.8
57.82
-59.78
57.82
-59.78
58.8
-59.78
59.78
-60.76
59.78
-60.76
60.76
-60.76
60.76
-60.76
60.76
-60.76
61.74
-60.76
61.74
-60.76
61.74
-60.76
62.72
-59.78
62.72
-59.78
63.7
-58.8
63.7
-58.8
63.7
-58.8
63.7
-57.82
64.68
-58.8
64.68
-58.8
64.68
-58.8
64.68
-59.78
64.68
-59.78
64.68
-60.76
64.68
-60.76
64.68
-60.76
64.68
-61.74
64.68
-61.74
64.68
-61.74
63.7
-61.74
62.72
-60.76
61.74
-60.76
60.76
-60.76
-59.78
60.76
-59.78
-58.8
59.78
-58.8
59.78
-58.8
-57.82
59.78
-57.82
59.78
-57.82
59.78
-57.82
59.78
-56.84
59.78
-56.84
59.78
-56.84
59.78
-56.84
59.78
-55.86
59.78
-55.86
58.8
-54.88
58.8
-54.88
57.82
-53.9
57.82
-53.9
56.84
-52.92
56.84
-52.92
56.84
-51.94
56.84
-51.94
56.84
-51.94
56.84
-51.94
56.84
-51.94
55.86
-51.94
55.86
-51.94
54.88
-51.94
53.9
-51.94
52.92
-50.96
51.94
-50.96
50.96
-50.96
49.98
-50.96
49.98
-49.98
49.98
-49
49.98
-49
49.98
-48.02
49.98
-48.02
49.98
-48.02
49
-47.04
49
-47.04
49
-47.04
49
-47.04
48.02
-46.06
47.04
-46.06
47.04
-45.08
46.06
-44.1
44.1
45.08
-43.12
43.12
44.1
-42.14
42.14
43.12
-41.16
-40.18
41.16
42.14
-40.18
-39.2
-38.22
39.2
40.18
41.16
-37.24
-36.26
36.26
37.24
38.22
39.2
40.18
-35.28
34.3
35.28
36.26
37.24
38.22
-34.3
33.32
34.3
35.28
-33.32
32.34
33.32
34.3
-32.34
31.36
32.34
33.32
-31.36
30.38
31.36
32.34
-30.38
29.4
30.38
-29.4
27.44
28.42
-28.42
-27.44
25.48
26.46
-26.46
-25.48
24.5
-24.5
23.52
-23.52
23.52
-22.54
22.54
-21.56
22.54
-20.58
21.56
-19.6
20.58
21.56
-18.62
0
0.98
1.96
2.94
3.92
4.9
19.6
20.58
-17.64
-0.98
5.88
6.86
7.84
8.82
9.8
10.78
16.66
17.64
18.62
19.6
-16.66
-1.96
11.76
12.74
13.72
14.7
15.68
-15.68
-14.7
-3.92
-2.94
-14.7
-13.72
-4.9
-12.74
-11.76
-10.78
-6.86
-5.88
-10.78
-9.8
-8.82
-7.84
-19.6
-18.62
-17.64
-16.66
-15.68
-14.7
-13.72
-12.74
-22.54
-21.56
-20.58
-19.6
-11.76
-10.78
-9.8
-8.82
10.78
11.76
12.74
13.72
14.7
15.68
-23.52
-22.54
-7.84
-6.86
7.84
8.82
9.8
16.66
17.64
18.62
19.6
-24.5
-23.52
-5.88
6.86
19.6
20.58
21.56
-25.48
-24.5
-4.9
5.88
21.56
22.54
23.52
-26.46
-25.48
-3.92
5.88
23.52
24.5
25.48
-27.44
-26.46
-2.94
-1.96
4.9
25.48
26.46
27.44
28.42
-29.4
-28.42
-0.98
3.92
27.44
28.42
29.4
-37.24
-36.26
-35.28
-34.3
-33.32
-32.34
-31.36
-30.38
0
0.98
1.96
2.94
29.4
30.38
-39.2
-38.22
-37.24
-36.26
-35.28
31.36
32.34
-40.18
-39.2
-38.22
32.34
33.32
34.3
-41.16
-40.18
35.28
36.26
37.24
38.22
-43.12
-42.14
39.2
40.18
-44.1
-43.12
41.16
-45.08
42.14
-46.06
43.12
44.1
-47.04
45.08
-48.02
46.06
-48.02
47.04
-49
48.02
-49.98
49
-50.96
49.98
-50.96
49.98
-51.94
50.96
-52.92
50.96
-53.9
51.94
-53.9
51.94
-54.88
52.92
-55.86
52.92
-55.86
53.9
-56.84
53.9
-56.84
54.88
-56.84
54.88
-57.82
55.86
-57.82
55.86
-58.8
56.84
-58.8
56.84
-58.8
57.82
-59.78
58.8
-59.78
59.78
-59.78
59.78
-60.76
59.78
-60.76
60.76
-60.76
60.76
-59.78
60.76
-59.78
61.74
-59.78
61.74
-59.78
62.72
-58.8
-0.98
0
62.72
-58.8
-0.98
0
62.72
-57.82
0
63.7
-57.82
63.7
-57.82
63.7
-57.82
63.7
-57.82
64.68
-58.8
64.68
-58.8
64.68
-59.78
64.68
-59.78
64.68
-60.76
64.68
-60.76
64.68
-60.76
64.68
-60.76
63.7
-60.76
62.72
-60.76
61.74
-60.76
60.76
-59.78
60.76
-58.8
59.78
-57.82
59.78
-57.82
-56.84
59.78
-56.84
59.78
-56.84
59.78
-56.84
59.78
-56.84
59.78
-55.86
59.78
-55.86
59.78
-55.86
58.8
-55.86
58.8
-55.86
58.8
-54.88
57.82
-54.88
57.82
-54.88
56.84
-53.9
56.84
-53.9
56.84
-52.92
56.84
-52.92
56.84
-51.94
56.84
-51.94
55.86
-51.94
55.86
-51.94
55.86
-50.96
55.86
-50.96
54.88
-50.96
53.9
-50.96
52.92
-50.96
50.96
51.94
-50.96
50.96
-50.96
49.98
-50.96
49.98
-49.98
49.98
-49
49
-49
49
-48.02
49
-48.02
49
-47.04
49
-47.04
49
-47.04
49
-47.04
48.02
-46.06
48.02
-46.06
47.04
-46.06
47.04
-45.08
46.06
-44.1
44.1
45.08
-43.12
43.12
-42.14
42.14
-41.16
-40.18
-39.2
40.18
41.16
-39.2
-38.22
-37.24
39.2
40.18
-37.24
-36.26
35.28
36.26
37.24
38.22
-35.28
34.3
35.28
-34.3
33.32
-33.32
32.34
-32.34
31.36
-31.36
30.38
-31.36
29.4
-30.38
28.42
-29.4
-28.42
26.46
27.44
-27.44
-26.46
25.48
-25.48
-24.5
24.5
-23.52
23.52
-22.54
22.54
-21.56
21.56
-20.58
21.56
-19.6
1.96
20.58
-18.62
0
0.98
1.96
2.94
3.92
4.9
19.6
-17.64
-0.98
5.88
6.86
7.84
8.82
17.64
18.62
-16.66
-15.68
-1.96
9.8
10.78
11.76
12.74
13.72
14.7
15.68
16.66
-15.68
-14.7
-3.92
-2.94
-13.72
-12.74
-4.9
-12.74
-11.76
-10.78
-9.8
-8.82
-7.84
-6.86
-5.88
-9.8
-8.82
-7.84
-18.62
-17.64
-16.66
-15.68
-14.7
-13.72
-12.74
-11.76
-21.56
-20.58
-19.6
-18.62
-17.64
-16.66
-10.78
-9.8
-8.82
9.8
10.78
11.76
12.74
13.72
14.7
15.68
16.66
-22.54
-21.56
-20.58
-19.6
-7.84
-6.86
7.84
8.82
17.64
18.62
-23.52
-22.54
-21.56
-5.88
6.86
19.6
20.58
-24.5
-23.52
-22.54
-4.9
5.88
21.56
22.54
-25.48
-24.5
-3.92
-2.94
4.9
23.52
24.5
-27.44
-26.46
-1.96
-0.98
4.9
24.5
25.48
26.46
-30.38
-29.4
-28.42
0
0.98
1.96
2.94
3.92
27.44
28.42
-34.3
-33.32
-32.34
-31.36
29.4
30.38
-37.24
-36.26
-35.28
-34.3
31.36
-39.2
-38.22
-37.24
-36.26
-35.28
32.34
33.32
34.3
35.28
36.26
-41.16
-40.18
-39.2
-38.22
-37.24
37.24
38.22
39.2
-42.14
-41.16
-40.18
40.18
-44.1
-43.12
41.16
-45.08
42.14
-46.06
43.12
44.1
-47.04
44.1
45.08
-48.02
46.06
-48.02
47.04
-49
48.02
-49.98
49
-50.96
49.98
-50.96
49.98
-51.94
50.96
-52.92
50.96
-53.9
50.96
-53.9
51.94
-54.88
51.94
-54.88
52.92
-55.86
52.92
-55.86
53.9
-56.84
53.9
-56.84
54.88
-57.82
54.88
-57.82
55.86
-57.82
55.86
-58.8
56.84
-58.8
57.82
-59.78
58.8
-59.78
58.8
-59.78
59.78
-59.78
59.78
-59.78
59.78
-59.78
60.76
-59.78
60.76
-58.8
-0.98
0
61.74
-58.8
-1.96
-0.98
0
61.74
-57.82
-1.96
0.98
61.74
-57.82
-1.96
0.98
62.72
-56.84
-0.98
0.98
62.72
-56.84
0
63.7
-56.84
63.7
-56.84
63.7
-56.84
63.7
-57.82
63.7
-58.8
63.7
-58.8
63.7
-59.78
63.7
-59.78
63.7
-60.76
63.7
-60.76
63.7
-60.76
62.72
-60.76
62.72
-59.78
61.74
-59.78
60.76
-58.8
59.78
-57.82
59.78
-56.84
59.78
-55.86
59.78
-55.86
59.78
-55.86
59.78
-55.86
59.78
-55.86
59.78
-55.86
58.8
-55.86
58.8
-55.86
57.82
-54.88
57.82
-54.88
57.82
-54.88
56.84
-54.88
56.84
-53.9
56.84
-53.9
56.84
-52.92
56.84
-52.92
55.86
-51.94
55.86
-51.94
55.86
-51.94
55.86
-50.96
55.86
-50.96
54.88
-50.96
54.88
-50.96
53.9
-50.96
51.94
52.92
-50.96
50.96
51.94
-50.96
49.98
-50.96
49.98
-49.98
49
-49.98
49
-49
49
-49
49
-48.02
49
-47.04
49
-47.04
49
-47.04
49
-46.06
49
-46.06
48.02
-46.06
48.02
-46.06
47.04
-45.08
47.04
-45.08
46.06
-44.1
44.1
45.08
-43.12
43.12
-42.14
-41.16
42.14
-41.16
-40.18
-39.2
-38.22
40.18
41.16
-38.22
-37.24
-36.26
38.22
39.2
-36.26
-35.28
35.28
36.26
37.24
38.22
-35.28
-34.3
34.3
-34.3
33.32
-33.32
32.34
-32.34
31.36
-32.34
30.38
-31.36
30.38
-30.38
28.42
29.4
-29.4
27.44
-28.42
-27.44
25.48
26.46
-26.46
-25.48
24.5
-24.5
-23.52
23.52
-22.54
22.54
-21.56
-20.58
21.56
-20.58
-19.6
20.58
-19.6
-18.62
0.98
1.96
2.94
19.6
20.58
-18.62
-17.64
-0.98
0
0.98
2.94
3.92
4.9
18.62
19.6
-17.64
-16.66
-1.96
-0.98
5.88
6.86
7.84
17.64
18.62
-16.66
-15.68
-2.94
-1.96
8.82
9.8
10.78
11.76
12.74
13.72
14.7
15.68
16.66
-14.7
-13.72
-3.92
-2.94
-13.72
-12.74
-11.76
-4.9
-11.76
-10.78
-9.8
-8.82
-7.84
-6.86
-5.88
-15.68
-14.7
-13.72
-12.74
-11.76
-18.62
-17.64
-16.66
-15.68
-14.7
-13.72
-12.74
-11.76
-10.78
-9.8
-8.82
8.82
9.8
10.78
11.76
12.74
13.72
14.7
15.68
16.66
17.64
-20.58
-19.6
-18.62
-17.64
-16.66
-15.68
-7.84
-6.86
7.84
18.62
19.6
-21.56
-20.58
-19.6
-18.62
-17.64
-16.66
-5.88
6.86
20.58
-23.52
-22.54
-21.56
-20.58
-19.6
-4.9
-3.92
5.88
21.56
22.54
-26.46
-25.48
-24.5
-2.94
-1.96
4.9
23.52
-28.42
-27.44
-0.98
0
3.92
24.5
25.48
26.46
-31.36
-30.38
-29.4
0.98
1.96
2.94
27.44
28.42
-33.32
-32.34
29.4
30.38
-34.3
31.36
32.34
-36.26
-35.28
33.32
34.3
35.28
36.26
37.24
-39.2
-38.22
-37.24
-36.26
38.22
39.2
-42.14
-41.16
-40.18
-39.2
-38.22
-37.24
40.18
-44.1
-43.12
41.16
-45.08
42.14
-46.06
43.12
-47.04
44.1
45.08
-47.04
46.06
-48.02
47.04
-49
48.02
-49.98
-49
49
-49.98
49
-50.96
49.98
-51.94
49.98
-52.92
50.96
-53.9
50.96
-53.9
50.96
-54.88
51.94
-54.88
51.94
-55.86
52.92
-55.86
52.92
-55.86
53.9
-56.84
53.9
-56.84
54.88
-57.82
54.88
-57.82
55.86
-58.8
56.84
-58.8
57.82
-58.8
58.8
-58.8
58.8
-58.8
58.8
-58.8
59.78
-58.8
59.78
-58.8
-0.98
0
60.76
-58.8
-1.96
0.98
60.76
-57.82
-2.94
0.98
60.76
-57.82
-2.94
1.96
61.74
-56.84
-1.96
1.96
61.74
-56.84
-1.96
1.96
62.72
-55.86
-0.98
0.98
62.72
-55.86
0
62.72
-55.86
63.7
-56.84
63.7
-56.84
63.7
-57.82
63.7
-58.8
63.7
-58.8
63.7
-59.78
63.7
-59.78
63.7
-59.78
62.72
-59.78
61.74
-59.78
60.76
61.74
-59.78
60.76
-58.8
59.78
-57.82
59.78
-56.84
59.78
-55.86
59.78
-54.88
59.78
-54.88
59.78
-54.88
59.78
-54.88
58.8
-54.88
58.8
-54.88
57.82
-54.88
57.82
-54.88
56.84
-54.88
56.84
-54.88
56.84
-54.88
56.84
-53.9
55.86
-53.9
55.86
-52.92
55.86
-52.92
55.86
-51.94
55.86
-51.94
55.86
-50.96
55.86
-50.96
55.86
-50.96
54.88
-50.96
54.88
-50.96
53.9
-50.96
51.94
52.92
-50.96
49.98
50.96
-50.96
49
49.98
-50.96
49
-49.98
49
-49.98
48.02
-49
48.02
-49
48.02
-48.02
48.02
-47.04
49
-47.04
49
-46.06
48.02
-46.06
48.02
-46.06
48.02
-45.08
48.02
-45.08
47.04
-45.08
47.04
-44.1
46.06
-44.1
44.1
45.08
-43.12
-42.14
43.12
-42.14
-41.16
-40.18
42.14
-40.18
-39.2
-38.22
-37.24
40.18
41.16
-37.24
-36.26
38.22
39.2
-35.28
36.26
37.24
-34.3
34.3
35.28
-33.32
33.32
-33.32
32.34
-32.34
31.36
-32.34
31.36
-31.36
30.38
-30.38
29.4
-29.4
28.42
-28.42
26.46
27.44
-27.44
-26.46
25.48
-25.48
-24.5
23.52
24.5
-23.52
-22.54
-21.56
22.54
-21.56
-20.58
-19.6
21.56
-19.6
-18.62
20.58
-18.62
-17.64
-16.66
0
0.98
1.96
2.94
19.6
-17.64
-16.66
-15.68
-0.98
0
3.92
4.9
18.62
-16.66
-15.68
-14.7
-1.96
5.88
6.86
16.66
17.64
-15.68
-14.7
-13.72
-2.94
7.84
8.82
9.8
10.78
14.7
15.68
16.66
-14.7
-13.72
-12.74
-11.76
-4.9
-3.92
11.76
12.74
13.72
-12.74
-11.76
-10.78
-9.8
-8.82
-7.84
-6.86
-5.88
-4.9
-10.78
-9.8
-8.82
-7.84
-6.86
-5.88
10.78
11.76
12.74
13.72
14.7
15.68
-14.7
-13.72
-12.74
-11.76
-10.78
-9.8
-8.82
8.82
9.8
16.66
17.64
18.62
-15.68
-14.7
-13.72
-7.84
-6.86
7.84
19.6
-18.62
-17.64
-16.66
-15.68
-5.88
-4.9
6.86
20.58
21.56
-23.52
-22.54
-21.56
-20.58
-19.6
-18.62
-17.64
-3.92
-2.94
5.88
22.54
-27.44
-26.46
-25.48
-24.5
-1.96
-0.98
4.9
23.52
-29.4
-28.42
0
0.98
1.96
2.94
3.92
24.5
25.48
26.46
-31.36
-30.38
27.44
28.42
-33.32
-32.34
29.4
30.38
31.36
-34.3
32.34
33.32
34.3
35.28
36.26
-35.28
37.24
38.22
-36.26
39.2
-42.14
-41.16
-40.18
-39.2
-38.22
-37.24
40.18
-44.1
-43.12
41.16
-45.08
42.14
-46.06
43.12
-47.04
-46.06
44.1
45.08
-47.04
46.06
-48.02
-47.04
47.04
-48.02
48.02
-49
49
-49.98
49
-50.96
49.98
-51.94
49.98
-52.92
49.98
-52.92
50.96
-53.9
50.96
-53.9
50.96
-54.88
51.94
-54.88
51.94
-55.86
-54.88
52.92
-55.86
52.92
-55.86
52.92
53.9
-56.84
53.9
-56.84
54.88
-57.82
55.86
-57.82
56.84
-57.82
57.82
-58.8
57.82
-58.8
58.8
-58.8
58.8
-58.8
-0.98
0
59.78
-57.82
-1.96
0.98
59.78
-57.82
-2.94
1.96
59.78
-57.82
-2.94
1.96
60.76
-56.84
-2.94
1.96
60.76
-55.86
-2.94
1.96
61.74
-55.86
-1.96
1.96
61.74
-54.88
-0.98
1.96
61.74
-54.88
0
0.98
62.72
-54.88
62.72
-55.86
62.72
-56.84
-55.86
62.72
-56.84
62.72
-57.82
62.72
-58.8
62.72
-58.8
62.72
-58.8
62.72
-59.78
61.74
-58.8
60.76
-58.8
59.78
-58.8
59.78
-57.82
58.8
-56.84
58.8
-55.86
58.8
-54.88
58.8
-53.9
58.8
-53.9
58.8
-53.9
58.8
-53.9
58.8
-53.9
57.82
-53.9
56.84
-53.9
56.84
-54.88
55.86
-53.9
55.86
-53.9
55.86
-53.9
55.86
-53.9
55.86
-52.92
55.86
-52.92
55.86
-51.94
55.86
-51.94
55.86
-50.96
55.86
-50.96
54.88
-50.96
54.88
-49.98
53.9
-49.98
52.92
53.9
-49.98
51.94
52.92
-49.98
49.98
50.96
-49.98
49
-49.98
48.02
-49.98
48.02
-49.98
48.02
-49
48.02
-49
48.02
-48.02
48.02
-47.04
48.02
-46.06
48.02
-46.06
48.02
-45.08
48.02
-45.08
48.02
-45.08
47.04
-45.08
47.04
-44.1
46.06
-44.1
46.06
-43.12
45.08
-43.12
-42.14
-41.16
43.12
44.1
-41.16
-40.18
-39.2
-38.22
42.14
-39.2
-38.22
-37.24
-36.26
40.18
41.16
-36.26
-35.28
38.22
39.2
-35.28
-34.3
36.26
37.24
-34.3
-33.32
35.28
-33.32
34.3
-32.34
33.32
-32.34
-31.36
32.34
-31.36
31.36
-31.36
-30.38
30.38
-30.38
30.38
-29.4
29.4
-28.42
27.44
28.42
-27.44
-26.46
26.46
-25.48
-24.5
24.5
25.48
-23.52
-22.54
-21.56
-15.68
22.54
23.52
-20.58
-19.6
-18.62
-17.64
-16.66
-15.68
-14.7
-13.72
-12.74
21.56
-18.62
-17.64
-16.66
-15.68
-14.7
-13.72
-12.74
-11.76
0
0.98
1.96
19.6
20.58
-17.64
-16.66
-15.68
-14.7
-13.72
-12.74
-11.76
-0.98
0
0.98
1.96
2.94
3.92
18.62
19.6
-15.68
-14.7
-13.72
-12.74
-11.76
-10.78
-1.96
-0.98
3.92
4.9
17.64
18.62
-14.7
-13.72
-12.74
-11.76
-10.78
-2.94
-1.96
5.88
6.86
16.66
17.64
-13.72
-12.74
-11.76
-10.78
-9.8
-3.92
-2.94
7.84
8.82
9.8
14.7
15.68
-12.74
-11.76
-10.78
-9.8
-8.82
-7.84
-6.86
-5.88
-4.9
-3.92
10.78
11.76
12.74
13.72
14.7
-10.78
-9.8
-8.82
-7.84
-6.86
-5.88
10.78
11.76
12.74
13.72
14.7
15.68
16.66
17.64
-12.74
-11.76
-10.78
-9.8
-8.82
8.82
9.8
18.62
19.6
-14.7
-13.72
-12.74
-7.84
-6.86
-5.88
7.84
20.58
-16.66
-15.68
-4.9
-3.92
-2.94
6.86
21.56
-24.5
-23.52
-22.54
-21.56
-20.58
-19.6
-18.62
-17.64
-1.96
5.88
22.54
-28.42
-27.44
-26.46
-25.48
-0.98
0
4.9
23.52
24.5
-30.38
-29.4
0.98
1.96
2.94
3.92
25.48
26.46
27.44
-32.34
-31.36
28.42
29.4
-33.32
30.38
31.36
32.34
-34.3
33.32
34.3
35.28
36.26
37.24
-35.28
38.22
-36.26
39.2
-42.14
-41.16
-40.18
-39.2
-38.22
-37.24
40.18
-44.1
-43.12
-42.14
41.16
-45.08
-44.1
42.14
-45.08
43.12
44.1
-46.06
45.08
-46.06
46.06
-47.04
-46.06
47.04
-48.02
-47.04
-46.06
48.02
-49
-48.02
-47.04
48.02
-49.98
-49
49
-50.96
-49.98
49
-51.94
-50.96
49.98
-51.94
49.98
-52.92
49.98
-52.92
50.96
-53.9
-52.92
50.96
-53.9
50.96
-53.9
50.96
51.94
-54.88
-53.9
51.94
-54.88
51.94
-55.86
-54.88
52.92
-55.86
53.9
-56.84
54.88
-56.84
55.86
-57.82
-56.84
56.84
-57.82
57.82
-57.82
57.82
-57.82
-0.98
0
58.8
-57.82
-1.96
0.98
58.8
-57.82
-56.84
-2.94
1.96
58.8
-56.84
-2.94
1.96
59.78
-56.84
-55.86
-2.94
1.96
59.78
-55.86
-2.94
2.94
60.76
-54.88
-2.94
2.94
60.76
-54.88
-1.96
1.96
60.76
-53.9
-0.98
1.96
61.74
-53.9
0
0.98
61.74
-53.9
61.74
-54.88
61.74
-54.88
62.72
-55.86
62.72
-56.84
62.72
-57.82
61.74
-57.82
61.74
-58.8
60.76
61.74
-58.8
59.78
60.76
-58.8
58.8
59.78
-57.82
58.8
-57.82
58.8
-56.84
58.8
-56.84
58.8
-55.86
58.8
-54.88
58.8
-53.9
58.8
-52.92
58.8
-52.92
57.82
-52.92
57.82
-53.9
56.84
-53.9
55.86
-53.9
55.86
-53.9
55.86
-53.9
55.86
-53.9
55.86
-52.92
55.86
-52.92
55.86
-52.92
55.86
-51.94
55.86
-51.94
54.88
-50.96
54.88
-50.96
54.88
-49.98
54.88
-49.98
53.9
-49.98
52.92
-49.98
51.94
-49.98
49.98
50.96
-49.98
48.02
49
-49.98
47.04
48.02
-49
47.04
-49
47.04
-49
47.04
-48.02
47.04
-48.02
-47.04
47.04
-47.04
47.04
-46.06
47.04
-45.08
47.04
-45.08
47.04
-45.08
47.04
-44.1
47.04
-44.1
46.06
-44.1
46.06
-43.12
45.08
-43.12
-42.14
44.1
45.08
-42.14
-41.16
-40.18
43.12
44.1
-40.18
-39.2
-38.22
-37.24
42.14
-37.24
-36.26
40.18
41.16
-35.28
39.2
-34.3
37.24
38.22
-33.32
35.28
36.26
-32.34
34.3
-32.34
-31.36
33.32
-31.36
-30.38
32.34
-30.38
31.36
-30.38
-29.4
31.36
-29.4
30.38
-29.4
-28.42
29.4
-28.42
28.42
-27.44
-26.46
27.44
-26.46
-25.48
25.48
26.46
-24.5
-23.52
-22.54
-21.56
-20.58
-19.6
-18.62
-17.64
-16.66
-15.68
-14.7
-13.72
-12.74
23.52
24.5
-20.58
-19.6
-18.62
-17.64
-16.66
-14.7
-13.72
-12.74
-11.76
0.98
21.56
22.54
-11.76
-10.78
-9.8
-0.98
0
0.98
1.96
2.94
19.6
20.58
-10.78
-9.8
-8.82
-1.96
-0.98
2.94
3.92
18.62
-10.78
-9.8
-8.82
-7.84
-2.94
-1.96
4.9
5.88
17.64
-9.8
-8.82
-7.84
-6.86
-5.88
-4.9
-3.92
-2.94
5.88
6.86
16.66
-9.8
-8.82
-7.84
-6.86
-5.88
-4.9
-3.92
7.84
8.82
14.7
15.68
-8.82
-7.84
-6.86
-5.88
-4.9
9.8
10.78
11.76
12.74
13.72
12.74
13.72
14.7
15.68
10.78
11.76
16.66
17.64
18.62
-11.76
-10.78
-9.8
-8.82
-7.84
-6.86
8.82
9.8
19.6
-14.7
-13.72
-12.74
-5.88
-4.9
-3.92
7.84
20.58
21.56
-16.66
-15.68
-2.94
-1.96
6.86
22.54
-25.48
-24.5
-23.52
-22.54
-21.56
-20.58
-19.6
-18.62
-17.64
-0.98
5.88
23.52
-29.4
-28.42
-27.44
-26.46
0
0.98
1.96
3.92
4.9
24.5
25.48
26.46
-31.36
-30.38
2.94
27.44
28.42
-32.34
29.4
30.38
-33.32
31.36
32.34
33.32
34.3
35.28
-34.3
36.26
37.24
-35.28
38.22
-36.26
39.2
-41.16
-40.18
-39.2
-38.22
-37.24
-36.26
40.18
-43.12
-42.14
-41.16
-40.18
-39.2
-38.22
41.16
-44.1
-43.12
42.14
-45.08
-44.1
-43.12
43.12
44.1
-45.08
-44.1
44.1
45.08
-45.08
-44.1
46.06
-45.08
-44.1
-43.12
47.04
-46.06
-45.08
-44.1
-43.12
47.04
48.02
-48.02
-47.04
-46.06
-45.08
-44.1
-43.12
-42.14
48.02
-49
-48.02
-47.04
-46.06
-45.08
-44.1
-43.12
-42.14
48.02
-49.98
-49
-48.02
-47.04
-46.06
-45.08
-44.1
-43.12
49
-50.96
-49.98
-44.1
49
-51.94
-50.96
49
-51.94
49.98
-51.94
49.98
-52.92
-51.94
49.98
-52.92
-51.94
49.98
-52.92
-51.94
49.98
50.96
-53.9
-52.92
50.96
-53.9
-52.92
50.96
51.94
-54.88
-53.9
-52.92
-45.08
51.94
52.92
-55.86
-54.88
-53.9
52.92
53.9
-55.86
-54.88
54.88
-55.86
55.86
-56.84
-55.86
0
56.84
-56.84
-55.86
-0.98
0
0.98
56.84
-56.84
-55.86
-1.96
0.98
57.82
-56.84
-55.86
-1.96
1.96
57.82
-55.86
-2.94
1.96
58.8
-55.86
-54.88
-2.94
2.94
58.8
-54.88
-2.94
2.94
58.8
-54.88
-53.9
-2.94
2.94
59.78
-53.9
-1.96
2.94
59.78
-53.9
-1.96
1.96
60.76
-52.92
-0.98
0.98
60.76
-52.92
0
60.76
-52.92
60.76
-53.9
61.74
-53.9
61.74
-54.88
60.76
61.74
-55.86
60.76
61.74
-56.84
60.76
-56.84
59.78
60.76
-57.82
58.8
59.78
-57.82
57.82
58.8
-57.82
57.82
-57.82
57.82
-56.84
57.82
-56.84
57.82
-55.86
57.82
-54.88
57.82
-53.9
57.82
-52.92
57.82
-52.92
57.82
-52.92
57.82
-52.92
56.84
-52.92
55.86
-52.92
54.88
-52.92
54.88
-52.92
54.88
-52.92
54.88
-52.92
54.88
-52.92
54.88
-51.94
54.88
-51.94
54.88
-50.96
54.88
-50.96
54.88
-49.98
54.88
-49.98
53.9
-49
53.9
-49
52.92
-49
51.94
-49
49.98
50.96
-49
48.02
49
-49
47.04
-49
46.06
-49
46.06
-48.02
46.06
-48.02
46.06
-47.04
46.06
-46.06
46.06
-46.06
-45.08
46.06
-45.08
46.06
-44.1
46.06
-44.1
46.06
-44.1
46.06
-43.12
46.06
-43.12
45.08
-43.12
-42.14
45.08
-42.14
-41.16
44.1
-41.16
-40.18
-39.2
-38.22
43.12
-39.2
-38.22
-37.24
42.14
-36.26
41.16
-35.28
39.2
40.18
-34.3
37.24
38.22
-33.32
35.28
36.26
-32.34
-31.36
34.3
-31.36
-30.38
33.32
-30.38
-29.4
32.34
-29.4
32.34
-29.4
-28.42
31.36
-28.42
30.38
-28.42
-27.44
30.38
-27.44
29.4
-27.44
-26.46
27.44
28.42
-25.48
26.46
-24.5
-23.52
-22.54
-21.56
-20.58
-19.6
-18.62
-17.64
-16.66
-15.68
-14.7
-13.72
-12.74
0
0.98
24.5
25.48
-11.76
-10.78
-0.98
0
0.98
1.96
22.54
23.52
-10.78
-9.8
-8.82
-1.96
-0.98
0
1.96
2.94
20.58
21.56
-8.82
-7.84
-6.86
-3.92
-2.94
-1.96
3.92
4.9
18.62
19.6
-7.84
-6.86
-5.88
-4.9
-3.92
-2.94
4.9
5.88
17.64
-6.86
-5.88
-4.9
-3.92
6.86
7.84
15.68
16.66
7.84
8.82
9.8
13.72
14.7
15.68
9.8
10.78
11.76
12.74
13.72
11.76
12.74
13.72
14.7
15.68
16.66
17.64
9.8
10.78
18.62
19.6
-12.74
-11.76
-10.78
-9.8
-8.82
-7.84
-6.86
-5.88
-4.9
8.82
9.8
20.58
-15.68
-14.7
-13.72
-3.92
-2.94
7.84
21.56
-21.56
-20.58
-19.6
-18.62
-17.64
-16.66
-1.96
6.86
22.54
23.52
-27.44
-26.46
-25.48
-24.5
-23.52
-22.54
-0.98
0
4.9
5.88
24.5
25.48
-30.38
-29.4
-28.42
0.98
1.96
2.94
3.92
26.46
27.44
28.42
-32.34
-31.36
29.4
-33.32
30.38
31.36
32.34
-33.32
33.32
34.3
35.28
36.26
-34.3
37.24
-35.28
38.22
-35.28
39.2
-37.24
-36.26
40.18
-42.14
-41.16
-40.18
-39.2
-38.22
-37.24
-36.26
41.16
-42.14
-41.16
-40.18
-39.2
-38.22
-37.24
42.14
-43.12
-42.14
-41.16
-40.18
-39.2
-38.22
43.12
-43.12
-42.14
-41.16
-40.18
-39.2
44.1
45.08
-42.14
-41.16
-40.18
45.08
46.06
-42.14
-41.16
-40.18
46.06
-41.16
-40.18
47.04
-41.16
47.04
48.02
-42.14
-41.16
48.02
-49
-48.02
-47.04
-46.06
-45.08
-43.12
-42.14
-41.16
48.02
-49.98
-49
-48.02
-47.04
-46.06
-45.08
-44.1
-43.12
-42.14
48.02
49
-50.96
-49.98
-49
-48.02
-47.04
-46.06
-45.08
-44.1
-43.12
-42.14
49
-50.96
-49.98
-49
-48.02
-47.04
-46.06
-45.08
-44.1
-43.12
49
-50.96
-49.98
-49
-48.02
-47.04
-46.06
-45.08
-44.1
-43.12
49
-50.96
-49.98
-49
-48.02
-47.04
-46.06
-45.08
-44.1
-43.12
49
-50.96
-49.98
-49
-48.02
-47.04
-46.06
-45.08
-44.1
-43.12
49
-51.94
-50.96
-49.98
-49
-48.02
-47.04
-46.06
-45.08
-44.1
-43.12
49
49.98
-51.94
-50.96
-49.98
-49
-48.02
-47.04
-46.06
-45.08
-44.1
-43.12
49.98
-51.94
-50.96
-49.98
-49
-48.02
-47.04
-46.06
-44.1
-43.12
49.98
50.96
-52.92
-51.94
-50.96
-49.98
-49
-48.02
-47.04
-46.06
-45.08
-44.1
-43.12
50.96
51.94
-53.9
-52.92
-51.94
-50.96
-49.98
-49
-48.02
-47.04
-46.06
-45.08
-44.1
0.98
51.94
52.92
53.9
-54.88
-53.9
-52.92
-51.94
-50.96
-49.98
-49
-48.02
-47.04
-46.06
-45.08
0
0.98
53.9
54.88
-54.88
-53.9
-52.92
-51.94
-50.96
-49.98
-49
-48.02
-47.04
-46.06
-0.98
0.98
54.88
55.86
-54.88
-53.9
-52.92
-0.98
1.96
55.86
56.84
-54.88
-53.9
-1.96
1.96
56.84
-54.88
-53.9
-1.96
1.96
56.84
-54.88
-53.9
-2.94
2.94
57.82
-53.9
-2.94
2.94
57.82
-53.9
-52.92
-2.94
2.94
57.82
58.8
-52.92
-2.94
2.94
58.8
-52.92
-1.96
2.94
58.8
-52.92
-1.96
1.96
58.8
59.78
-52.92
-0.98
0
0.98
59.78
-52.92
59.78
-52.92
59.78
-52.92
59.78
60.76
-53.9
59.78
60.76
-53.9
58.8
59.78
-54.88
57.82
58.8
59.78
-55.86
56.84
57.82
58.8
59.78
-55.86
56.84
57.82
58.8
-56.84
56.84
57.82
-56.84
56.84
-56.84
56.84
-56.84
56.84
-55.86
56.84
-55.86
56.84
-54.88
57.82
-53.9
57.82
-52.92
57.82
-51.94
56.84
-51.94
56.84
-51.94
55.86
56.84
-51.94
54.88
55.86
-51.94
54.88
-51.94
53.9
-51.94
53.9
-51.94
53.9
-51.94
53.9
-51.94
53.9
-51.94
53.9
-50.96
53.9
-50.96
-49.98
53.9
-49.98
53.9
-49.98
-49
53.9
-49
53.9
-49
53.9
-49
52.92
-49
51.94
-49
49.98
50.96
-48.02
48.02
49
-48.02
47.04
-48.02
46.06
-48.02
45.08
-48.02
45.08
-47.04
45.08
-47.04
45.08
-46.06
45.08
-45.08
45.08
-44.1
45.08
-44.1
-43.12
45.08
-43.12
45.08
-43.12
45.08
-43.12
-42.14
44.1
45.08
-42.14
44.1
45.08
-42.14
-41.16
44.1
-41.16
-40.18
43.12
44.1
-40.18
-39.2
-38.22
43.12
-37.24
-36.26
42.14
-36.26
-35.28
40.18
41.16
-35.28
-34.3
39.2
40.18
-34.3
37.24
38.22
-33.32
-32.34
35.28
36.26
-32.34
-31.36
34.3
-30.38
-29.4
33.32
-29.4
-28.42
32.34
-28.42
32.34
-28.42
-27.44
31.36
-27.44
30.38
-27.44
-26.46
30.38
-26.46
29.4
-26.46
-25.48
0
0.98
28.42
-25.48
-24.5
-0.98
0
0.98
27.44
-24.5
-23.52
-22.54
-21.56
-20.58
-19.6
-18.62
-17.64
-16.66
-15.68
-14.7
-13.72
-12.74
-0.98
0
0.98
1.96
25.48
26.46
-11.76
-10.78
-1.96
-0.98
1.96
2.94
23.52
24.5
-9.8
-8.82
-3.92
-2.94
-1.96
2.94
3.92
20.58
21.56
22.54
-7.84
-6.86
-5.88
-4.9
-3.92
-2.94
3.92
4.9
18.62
19.6
-5.88
-4.9
5.88
16.66
17.64
6.86
7.84
15.68
16.66
8.82
9.8
10.78
11.76
12.74
13.72
14.7
10.78
11.76
12.74
11.76
12.74
13.72
14.7
15.68
16.66
17.64
18.62
-11.76
-10.78
-9.8
-8.82
-7.84
-6.86
-5.88
10.78
19.6
-14.7
-13.72
-12.74
-4.9
-3.92
8.82
9.8
20.58
21.56
-18.62
-17.64
-16.66
-15.68
-2.94
7.84
22.54
-24.5
-23.52
-22.54
-21.56
-20.58
-19.6
-1.96
-0.98
6.86
23.52
24.5
-29.4
-28.42
-27.44
-26.46
-25.48
0
4.9
5.88
25.48
26.46
27.44
-31.36
-30.38
0.98
1.96
2.94
3.92
28.42
29.4
-32.34
30.38
-33.32
31.36
32.34
33.32
-34.3
34.3
35.28
36.26
-34.3
36.26
37.24
-35.28
37.24
38.22
-35.28
38.22
39.2
-35.28
39.2
40.18
-36.26
-35.28
40.18
41.16
-37.24
-36.26
-35.28
41.16
42.14
-38.22
-37.24
-36.26
42.14
43.12
-39.2
-38.22
-37.24
43.12
44.1
-39.2
-38.22
44.1
45.08
-39.2
45.08
46.06
-40.18
-39.2
46.06
-40.18
46.06
47.04
-40.18
47.04
-41.16
47.04
-41.16
47.04
48.02
-42.14
-41.16
47.04
48.02
-42.14
48.02
-42.14
48.02
-42.14
48.02
-42.14
48.02
-42.14
49
-42.14
49
-42.14
0.98
49.98
-43.12
0
1.96
49.98
50.96
-44.1
-0.98
1.96
50.96
51.94
52.92
-45.08
-44.1
-0.98
1.96
50.96
51.94
52.92
53.9
-51.94
-50.96
-49.98
-49
-48.02
-47.04
-46.06
-45.08
-1.96
2.94
52.92
53.9
54.88
-52.92
-51.94
-50.96
-49.98
-49
-48.02
-1.96
2.94
53.9
54.88
55.86
-52.92
-51.94
-50.96
-49.98
-1.96
2.94
54.88
55.86
-52.92
-51.94
-1.96
2.94
49
49.98
55.86
56.84
-52.92
-51.94
-2.94
2.94
49
49.98
50.96
55.86
56.84
-51.94
-1.96
2.94
49
49.98
50.96
55.86
56.84
-51.94
-1.96
2.94
50.96
55.86
56.84
57.82
-51.94
-1.96
2.94
55.86
56.84
57.82
-51.94
-0.98
1.96
55.86
56.84
57.82
-51.94
0
0.98
53.9
54.88
55.86
56.84
57.82
58.8
-51.94
53.9
54.88
55.86
56.84
57.82
58.8
-51.94
53.9
54.88
55.86
56.84
57.82
58.8
-52.92
53.9
54.88
55.86
56.84
57.82
58.8
-52.92
53.9
54.88
55.86
56.84
57.82
58.8
-53.9
54.88
55.86
56.84
57.82
-53.9
54.88
55.86
56.84
-54.88
54.88
55.86
-54.88
54.88
55.86
-55.86
55.86
-55.86
55.86
-55.86
55.86
-55.86
55.86
-55.86
56.84
-54.88
56.84
-53.9
56.84
-53.9
56.84
-52.92
56.84
-51.94
-50.96
56.84
-50.96
55.86
-50.96
-49.98
54.88
-50.96
-49.98
53.9
-50.96
52.92
53.9
-50.96
51.94
52.92
-50.96
51.94
52.92
-50.96
52.92
-50.96
52.92
-50.96
52.92
-50.96
-49.98
53.9
-49.98
-49
53.9
-49
53.9
-49
-48.02
53.9
-48.02
52.92
-48.02
52.92
-48.02
51.94
52.92
-48.02
50.96
51.94
-48.02
49.98
50.96
-48.02
48.02
49
-48.02
47.04
-48.02
46.06
-48.02
45.08
-47.04
45.08
-47.04
44.1
-46.06
44.1
-46.06
-45.08
44.1
-45.08
-44.1
44.1
-44.1
-43.12
44.1
-43.12
44.1
-42.14
44.1
-42.14
43.12
44.1
-42.14
-41.16
43.12
44.1
-41.16
43.12
-41.16
-40.18
42.14
43.12
-40.18
-39.2
42.14
43.12
-39.2
-38.22
-37.24
42.14
-37.24
-36.26
41.16
42.14
-35.28
40.18
41.16
-34.3
38.22
39.2
-33.32
36.26
37.24
38.22
-33.32
-32.34
34.3
35.28
36.26
-31.36
-30.38
34.3
-30.38
-29.4
33.32
-28.42
32.34
-27.44
32.34
-27.44
31.36
-26.46
0
0.98
30.38
-26.46
0
0.98
30.38
-25.48
-0.98
0
0.98
29.4
-25.48
-24.5
-0.98
0
0.98
1.96
28.42
-24.5
-23.52
-1.96
-0.98
1.96
26.46
27.44
-23.52
-22.54
-21.56
-20.58
-19.6
-18.62
-17.64
-16.66
-15.68
-14.7
-13.72
-1.96
1.96
2.94
25.48
26.46
-12.74
-11.76
-10.78
-2.94
-1.96
2.94
23.52
24.5
-9.8
-8.82
-4.9
-3.92
-2.94
3.92
21.56
22.54
-7.84
-6.86
-5.88
-4.9
4.9
18.62
19.6
20.58
5.88
16.66
17.64
6.86
7.84
14.7
15.68
8.82
9.8
10.78
11.76
12.74
13.72
14.7
15.68
-10.78
-9.8
-8.82
-7.84
11.76
12.74
13.72
14.7
16.66
17.64
18.62
-13.72
-12.74
-11.76
-6.86
-5.88
-4.9
10.78
11.76
19.6
20.58
-16.66
-15.68
-14.7
-3.92
8.82
9.8
21.56
-22.54
-21.56
-20.58
-19.6
-18.62
-17.64
-2.94
-1.96
7.84
22.54
23.52
-27.44
-26.46
-25.48
-24.5
-23.52
-0.98
5.88
6.86
24.5
25.48
26.46
-30.38
-29.4
-28.42
0
0.98
3.92
4.9
27.44
28.42
-31.36
1.96
2.94
29.4
-32.34
30.38
31.36
-33.32
32.34
33.32
-34.3
34.3
35.28
-34.3
35.28
36.26
-34.3
36.26
37.24
-34.3
36.26
37.24
38.22
-34.3
37.24
38.22
39.2
-34.3
38.22
39.2
40.18
-35.28
38.22
39.2
40.18
41.16
-36.26
-35.28
39.2
40.18
41.16
42.14
-37.24
-36.26
41.16
42.14
43.12
-38.22
42.14
43.12
44.1
-38.22
43.12
44.1
45.08
-39.2
44.1
45.08
-40.18
44.1
45.08
46.06
-40.18
45.08
46.06
-40.18
45.08
46.06
-40.18
46.06
-41.16
46.06
47.04
-41.16
47.04
-41.16
47.04
-41.16
47.04
-41.16
48.02
-42.14
0.98
1.96
48.02
-42.14
0
1.96
49
-42.14
-0.98
2.94
49
-43.12
-0.98
2.94
49
49.98
-43.12
-0.98
2.94
49
49.98
-44.1
-1.96
2.94
49
49.98
50.96
51.94
-47.04
-46.06
-45.08
-1.96
3.92
48.02
49
49.98
50.96
51.94
52.92
-49
-48.02
-1.96
3.92
48.02
49
49.98
50.96
51.94
52.92
53.9
-50.96
-49.98
-1.96
3.92
47.04
48.02
50.96
51.94
52.92
53.9
54.88
-50.96
-1.96
3.92
47.04
48.02
51.94
52.92
53.9
54.88
-50.96
-1.96
2.94
48.02
51.94
52.92
53.9
54.88
-50.96
-1.96
2.94
49
49.98
51.94
52.92
53.9
54.88
-51.94
-0.98
1.96
49.98
50.96
51.94
52.92
53.9
54.88
-51.94
0
0.98
50.96
51.94
52.92
53.9
54.88
-51.94
51.94
52.92
-51.94
51.94
52.92
-51.94
52.92
-51.94
52.92
-52.92
52.92
-52.92
53.9
-53.9
53.9
-53.9
53.9
-53.9
53.9
-54.88
54.88
-54.88
54.88
-54.88
54.88
-54.88
55.86
-54.88
55.86
-53.9
55.86
-53.9
55.86
-52.92
55.86
-51.94
-50.96
55.86
-49.98
55.86
-49.98
-49
54.88
-49
52.92
53.9
-49
50.96
51.94
52.92
-49.98
-49
49.98
50.96
51.94
-49.98
-49
49.98
50.96
-49.98
49.98
50.96
-49.98
49.98
50.96
51.94
-49.98
-49
50.96
51.94
-49.98
-49
51.94
-49
-48.02
51.94
52.92
-48.02
51.94
52.92
-48.02
-47.04
51.94
52.92
-47.04
51.94
52.92
-47.04
51.94
-47.04
51.94
-47.04
50.96
-47.04
49.98
-47.04
49
-47.04
47.04
48.02
-47.04
46.06
-47.04
45.08
-47.04
44.1
-46.06
44.1
-46.06
44.1
-45.08
43.12
-44.1
43.12
-43.12
-42.14
43.12
-42.14
43.12
-42.14
-41.16
43.12
-41.16
42.14
43.12
-41.16
-40.18
42.14
-40.18
41.16
42.14
-40.18
-39.2
41.16
42.14
-39.2
-38.22
40.18
41.16
-38.22
-37.24
39.2
40.18
41.16
-36.26
39.2
40.18
41.16
-35.28
37.24
38.22
39.2
40.18
-34.3
35.28
36.26
37.24
38.22
39.2
-33.32
34.3
35.28
36.26
37.24
-32.34
33.32
34.3
35.28
-31.36
-30.38
33.32
-29.4
32.34
33.32
-28.42
-27.44
0.98
32.34
-27.44
0
0.98
1.96
31.36
-26.46
0
0.98
1.96
31.36
-26.46
-0.98
0
0.98
1.96
30.38
-25.48
-0.98
1.96
29.4
30.38
-25.48
-0.98
1.96
28.42
29.4
-24.5
-1.96
1.96
2.94
27.44
28.42
-23.52
-1.96
2.94
25.48
26.46
27.44
-22.54
-21.56
-20.58
-19.6
-18.62
-17.64
-16.66
-15.68
-14.7
-13.72
-2.94
2.94
23.52
24.5
25.48
-20.58
-12.74
-11.76
-3.92
-2.94
3.92
21.56
22.54
23.52
24.5
-10.78
-9.8
-8.82
-5.88
-4.9
-3.92
3.92
20.58
21.56
22.54
-7.84
-6.86
-5.88
4.9
18.62
19.6
20.58
5.88
6.86
16.66
17.64
18.62
6.86
7.84
8.82
13.72
14.7
15.68
8.82
9.8
10.78
11.76
12.74
13.72
15.68
16.66
-13.72
-12.74
-11.76
-10.78
-9.8
-8.82
-7.84
-6.86
-5.88
12.74
13.72
14.7
17.64
18.62
19.6
-15.68
-14.7
-4.9
10.78
11.76
20.58
-20.58
-19.6
-18.62
-17.64
-16.66
-3.92
-2.94
8.82
9.8
21.56
22.54
-25.48
-24.5
-23.52
-22.54
-21.56
-1.96
6.86
7.84
23.52
24.5
-28.42
-27.44
-26.46
-0.98
4.9
5.88
25.48
26.46
27.44
-30.38
-29.4
0
0.98
2.94
3.92
28.42
29.4
-32.34
-31.36
0.98
1.96
30.38
-32.34
31.36
-33.32
32.34
33.32
-33.32
33.32
34.3
-33.32
34.3
35.28
-33.32
35.28
-34.3
35.28
36.26
-34.3
36.26
37.24
-34.3
36.26
37.24
-34.3
37.24
38.22
-35.28
38.22
39.2
40.18
-37.24
-36.26
39.2
40.18
41.16
-38.22
40.18
41.16
42.14
-38.22
41.16
42.14
43.12
-39.2
42.14
43.12
-39.2
42.14
43.12
44.1
-40.18
43.12
44.1
-40.18
44.1
45.08
-40.18
45.08
-40.18
45.08
46.06
-40.18
46.06
-41.16
46.06
-41.16
0.98
1.96
47.04
-41.16
0
2.94
47.04
-41.16
-0.98
2.94
48.02
-42.14
-0.98
2.94
48.02
-42.14
-0.98
3.92
48.02
-42.14
-0.98
3.92
48.02
-43.12
-0.98
3.92
48.02
-45.08
-44.1
-1.96
3.92
47.04
-47.04
-46.06
-1.96
3.92
47.04
-49
-48.02
-1.96
3.92
46.06
-49.98
-1.96
3.92
46.06
-49.98
-1.96
2.94
47.04
-50.96
-0.98
2.94
48.02
-50.96
-0.98
1.96
49
-50.96
0
0.98
49.98
-51.94
50.96
-51.94
50.96
-51.94
51.94
-51.94
51.94
-51.94
51.94
-52.92
52.92
-52.92
52.92
-52.92
52.92
-53.9
53.9
-53.9
53.9
-53.9
53.9
-53.9
54.88
-53.9
54.88
-53.9
54.88
-52.92
54.88
-52.92
54.88
-51.94
-50.96
54.88
-49.98
-49
54.88
-49
-48.02
-47.04
53.9
54.88
-48.02
-47.04
52.92
53.9
-48.02
-47.04
49.98
50.96
51.94
-48.02
-47.04
49
49.98
-48.02
48.02
49
-48.02
48.02
49
-49
-48.02
48.02
49
-49
-48.02
48.02
49
-48.02
49
49.98
-48.02
-47.04
49
49.98
50.96
-47.04
49.98
50.96
-47.04
-46.06
49.98
50.96
-46.06
50.96
-46.06
50.96
-46.06
49.98
50.96
-46.06
49.98
50.96
-46.06
49
49.98
-46.06
48.02
49
-46.06
47.04
48.02
-46.06
46.06
-46.06
45.08
-46.06
44.1
-46.06
43.12
-45.08
43.12
-45.08
-44.1
43.12
-44.1
-43.12
43.12
-43.12
-42.14
42.14
-41.16
42.14
-41.16
-40.18
42.14
-40.18
41.16
42.14
-40.18
-39.2
41.16
-39.2
40.18
41.16
-39.2
-38.22
31.36
32.34
33.32
34.3
38.22
39.2
40.18
-38.22
30.38
31.36
32.34
33.32
34.3
35.28
36.26
37.24
38.22
39.2
40.18
-37.24
30.38
31.36
32.34
33.32
34.3
35.28
36.26
37.24
38.22
39.2
-36.26
30.38
31.36
32.34
33.32
34.3
35.28
36.26
37.24
38.22
-35.28
31.36
32.34
33.32
34.3
35.28
36.26
37.24
38.22
-34.3
31.36
32.34
33.32
34.3
35.28
36.26
-33.32
32.34
33.32
34.3
-32.34
0.98
32.34
33.32
-31.36
-30.38
0
0.98
1.96
32.34
-29.4
-28.42
-0.98
0
0.98
1.96
31.36
32.34
-28.42
-27.44
-0.98
0
0.98
1.96
2.94
31.36
-26.46
-0.98
0
1.96
2.94
31.36
-26.46
-0.98
2.94
30.38
-25.48
-0.98
2.94
29.4
30.38
-25.48
-1.96
2.94
28.42
29.4
-24.5
-1.96
2.94
26.46
27.44
28.42
-24.5
-23.52
-2.94
-1.96
2.94
21.56
22.54
23.52
24.5
25.48
26.46
27.44
-23.52
-22.54
-2.94
3.92
20.58
21.56
22.54
23.52
24.5
25.48
26.46
-22.54
-21.56
-20.58
-19.6
-18.62
-17.64
-16.66
-15.68
-14.7
-3.92
-2.94
3.92
20.58
21.56
22.54
23.52
24.5
-19.6
-13.72
-12.74
-11.76
-3.92
3.92
19.6
20.58
21.56
22.54
-10.78
-9.8
-8.82
-6.86
-5.88
-4.9
4.9
18.62
19.6
20.58
-7.84
-6.86
4.9
5.88
17.64
18.62
19.6
5.88
6.86
15.68
16.66
17.64
7.84
8.82
9.8
10.78
11.76
12.74
13.72
14.7
15.68
9.8
10.78
11.76
12.74
-11.76
-10.78
-9.8
-8.82
-7.84
-6.86
15.68
16.66
-14.7
-13.72
-12.74
-5.88
12.74
13.72
14.7
17.64
18.62
19.6
-17.64
-16.66
-15.68
-4.9
-3.92
10.78
11.76
20.58
21.56
-23.52
-22.54
-21.56
-20.58
-19.6
-18.62
-2.94
8.82
9.8
22.54
23.52
-27.44
-26.46
-25.48
-24.5
-2.94
-1.96
6.86
7.84
24.5
25.48
26.46
-29.4
-28.42
-1.96
-0.98
4.9
5.88
27.44
28.42
-31.36
-30.38
-0.98
0
2.94
3.92
29.4
-32.34
0
0.98
1.96
2.94
30.38
-32.34
0.98
1.96
31.36
-33.32
32.34
-33.32
33.32
-33.32
33.32
34.3
-33.32
34.3
-33.32
35.28
-33.32
35.28
-33.32
36.26
-34.3
37.24
-36.26
-35.28
38.22
-37.24
39.2
-38.22
40.18
-38.22
41.16
-39.2
41.16
-39.2
42.14
-39.2
43.12
-39.2
44.1
-40.18
44.1
-40.18
45.08
-40.18
0.98
46.06
-40.18
0
1.96
46.06
-41.16
-0.98
2.94
47.04
-41.16
-0.98
2.94
47.04
-41.16
-0.98
3.92
47.04
-41.16
-0.98
3.92
47.04
-42.14
-0.98
3.92
47.04
-43.12
-0.98
3.92
47.04
-44.1
-0.98
3.92
46.06
-45.08
-0.98
3.92
46.06
-47.04
-46.06
-0.98
3.92
46.06
-49
-48.02
-0.98
3.92
46.06
-49.98
-0.98
2.94
46.06
-49.98
-0.98
1.96
47.04
-50.96
0
0.98
48.02
-50.96
49
-50.96
49.98
-50.96
50.96
-51.94
50.96
-51.94
50.96
-51.94
51.94
-51.94
51.94
-52.92
51.94
-52.92
52.92
-52.92
52.92
-52.92
52.92
-52.92
53.9
-52.92
53.9
-52.92
53.9
-52.92
54.88
-51.94
54.88
-51.94
-50.96
54.88
-49.98
-49
53.9
-48.02
-47.04
53.9
-46.06
51.94
52.92
-46.06
49
49.98
50.96
51.94
-46.06
47.04
48.02
49
-46.06
47.04
48.02
-47.04
-46.06
46.06
47.04
-47.04
-46.06
46.06
47.04
-47.04
-46.06
46.06
47.04
-47.04
-46.06
46.06
47.04
-47.04
-46.06
47.04
48.02
-46.06
47.04
48.02
-46.06
-45.08
47.04
48.02
49
-45.08
48.02
49
-45.08
48.02
49
49.98
-45.08
48.02
49
49.98
-45.08
-44.1
48.02
49
-45.08
-44.1
48.02
49
-45.08
47.04
48.02
-45.08
47.04
-45.08
46.06
-45.08
45.08
-45.08
44.1
-45.08
43.12
-45.08
-44.1
42.14
-44.1
42.14
-43.12
42.14
-42.14
-41.16
42.14
-41.16
-40.18
41.16
-40.18
-39.2
41.16
-39.2
40.18
41.16
-39.2
-38.22
40.18
-38.22
31.36
32.34
33.32
38.22
39.2
40.18
-38.22
30.38
31.36
32.34
33.32
34.3
35.28
36.26
37.24
38.22
39.2
-37.24
29.4
30.38
35.28
36.26
37.24
-37.24
-36.26
29.4
-36.26
29.4
-35.28
29.4
-34.3
30.38
-33.32
30.38
-32.34
-0.98
0
0.98
30.38
31.36
-31.36
-30.38
-0.98
0
1.96
30.38
31.36
-29.4
-28.42
-1.96
-0.98
2.94
30.38
31.36
-27.44
-1.96
2.94
3.92
30.38
-26.46
-1.96
3.92
30.38
-25.48
-1.96
3.92
4.9
29.4
30.38
-25.48
-1.96
3.92
4.9
28.42
29.4
-24.5
-2.94
-1.96
3.92
4.9
26.46
27.44
28.42
-24.5
-2.94
3.92
4.9
18.62
19.6
20.58
21.56
22.54
23.52
24.5
25.48
26.46
27.44
-23.52
-2.94
3.92
4.9
17.64
18.62
19.6
20.58
21.56
22.54
23.52
24.5
25.48
-22.54
-3.92
3.92
4.9
16.66
17.64
18.62
19.6
20.58
-21.56
-20.58
-19.6
-18.62
-17.64
-16.66
-15.68
-14.7
-13.72
-3.92
4.9
16.66
17.64
18.62
19.6
-13.72
-12.74
-11.76
-4.9
4.9
16.66
17.64
18.62
19.6
-10.78
-9.8
-8.82
-7.84
-6.86
-5.88
-4.9
4.9
5.88
16.66
17.64
18.62
-7.84
5.88
6.86
14.7
15.68
16.66
17.64
6.86
7.84
8.82
12.74
13.72
14.7
15.68
16.66
7.84
8.82
9.8
10.78
11.76
12.74
13.72
14.7
-9.8
-13.72
-12.74
-11.76
-10.78
-8.82
-7.84
-6.86
15.68
16.66
17.64
-15.68
-14.7
-5.88
-4.9
12.74
13.72
14.7
18.62
19.6
20.58
-20.58
-19.6
-18.62
-17.64
-16.66
-4.9
-3.92
9.8
10.78
11.76
21.56
22.54
-25.48
-24.5
-23.52
-22.54
-21.56
-3.92
7.84
8.82
23.52
24.5
25.48
-28.42
-27.44
-26.46
-2.94
6.86
7.84
26.46
27.44
-30.38
-29.4
-2.94
-1.96
4.9
5.88
28.42
29.4
-31.36
-1.96
-0.98
3.92
4.9
30.38
-31.36
-0.98
0
2.94
3.92
30.38
-32.34
-0.98
0
0.98
1.96
2.94
3.92
31.36
-32.34
0
0.98
1.96
2.94
32.34
-32.34
0
0.98
1.96
2.94
32.34
-32.34
0
0.98
1.96
2.94
33.32
-32.34
0.98
1.96
2.94
34.3
-32.34
0.98
1.96
34.3
-33.32
0.98
1.96
35.28
-34.3
36.26
-35.28
37.24
-36.26
38.22
-37.24
39.2
-38.22
40.18
-38.22
40.18
-38.22
41.16
-39.2
42.14
-39.2
43.12
-39.2
44.1
-39.2
44.1
-40.18
0.98
45.08
-40.18
0
1.96
46.06
-40.18
0
2.94
46.06
-40.18
-0.98
2.94
46.06
-41.16
-0.98
3.92
46.06
-41.16
-0.98
3.92
46.06
-41.16
-0.98
3.92
46.06
-42.14
-0.98
3.92
46.06
-43.12
-0.98
3.92
45.08
-44.1
-0.98
3.92
45.08
-46.06
-45.08
-0.98
3.92
45.08
-48.02
-47.04
-0.98
3.92
45.08
-49
-0.98
2.94
46.06
-49.98
0
0.98
1.96
47.04
-49.98
48.02
-50.96
49
-50.96
49.98
-50.96
49.98
-50.96
50.96
-51.94
50.96
-51.94
50.96
-51.94
51.94
-51.94
51.94
-51.94
51.94
-51.94
51.94
-52.92
52.92
-52.92
52.92
-52.92
52.92
-51.94
53.9
-51.94
53.9
-50.96
53.9
-49.98
-49
52.92
53.9
-48.02
-47.04
52.92
-46.06
51.94
52.92
-45.08
48.02
49
49.98
50.96
-45.08
45.08
46.06
47.04
48.02
-45.08
45.08
46.06
-45.08
45.08
46.06
-45.08
45.08
-45.08
45.08
-45.08
45.08
-45.08
45.08
-45.08
45.08
46.06
-45.08
45.08
46.06
-44.1
45.08
46.06
-44.1
45.08
46.06
47.04
-44.1
45.08
46.06
47.04
-44.1
-43.12
46.06
47.04
-43.12
46.06
47.04
-43.12
45.08
46.06
47.04
-44.1
-43.12
45.08
46.06
-44.1
-43.12
44.1
45.08
46.06
-44.1
44.1
45.08
-44.1
43.12
44.1
-44.1
42.14
43.12
-44.1
-43.12
42.14
-43.12
41.16
-43.12
-42.14
41.16
-42.14
-41.16
41.16
-40.18
-39.2
40.18
41.16
-39.2
-38.22
40.18
-38.22
-37.24
40.18
-38.22
-37.24
39.2
-37.24
31.36
32.34
33.32
34.3
35.28
36.26
37.24
38.22
39.2
-37.24
30.38
34.3
35.28
36.26
37.24
-37.24
-36.26
29.4
-36.26
28.42
-35.28
28.42
-35.28
-34.3
28.42
-34.3
28.42
-33.32
0
29.4
-32.34
-31.36
-0.98
0
0.98
1.96
29.4
-31.36
-30.38
-29.4
-1.96
1.96
29.4
-29.4
-28.42
-1.96
2.94
29.4
-27.44
-2.94
3.92
29.4
-26.46
-2.94
4.9
29.4
-25.48
-2.94
4.9
5.88
28.42
29.4
-25.48
-3.92
-2.94
5.88
6.86
27.44
28.42
-24.5
-3.92
-2.94
5.88
6.86
7.84
11.76
12.74
13.72
23.52
24.5
25.48
26.46
27.44
-23.52
-3.92
5.88
6.86
7.84
8.82
9.8
10.78
11.76
12.74
13.72
14.7
15.68
16.66
17.64
18.62
19.6
20.58
21.56
22.54
23.52
24.5
25.48
-23.52
-22.54
-3.92
5.88
6.86
7.84
10.78
11.76
12.74
13.72
14.7
15.68
16.66
17.64
-22.54
-21.56
-14.7
-13.72
-4.9
-3.92
5.88
6.86
7.84
11.76
12.74
13.72
14.7
15.68
16.66
-21.56
-20.58
-19.6
-18.62
-17.64
-16.66
-15.68
-14.7
-13.72
-12.74
-11.76
-4.9
5.88
6.86
12.74
13.72
14.7
15.68
-12.74
-11.76
-10.78
-9.8
-6.86
-5.88
-4.9
5.88
6.86
7.84
12.74
13.72
14.7
15.68
-10.78
-9.8
-8.82
-7.84
-6.86
-5.88
5.88
6.86
7.84
8.82
11.76
12.74
13.72
14.7
15.68
6.86
7.84
8.82
9.8
10.78
11.76
12.74
13.72
14.7
15.68
7.84
8.82
9.8
10.78
11.76
12.74
13.72
9.8
10.78
11.76
-11.76
-10.78
-9.8
-8.82
-7.84
-13.72
-12.74
-6.86
15.68
16.66
17.64
18.62
-16.66
-15.68
-14.7
-5.88
12.74
13.72
14.7
19.6
20.58
-23.52
-22.54
-21.56
-20.58
-19.6
-18.62
-17.64
-16.66
-4.9
9.8
10.78
11.76
21.56
22.54
23.52
-26.46
-25.48
-24.5
-3.92
8.82
9.8
24.5
25.48
26.46
-28.42
-27.44
-3.92
6.86
7.84
27.44
28.42
-30.38
-29.4
-2.94
5.88
6.86
29.4
-30.38
-2.94
-1.96
4.9
5.88
30.38
-31.36
-2.94
-1.96
4.9
5.88
31.36
-31.36
-1.96
-0.98
3.92
4.9
31.36
-31.36
-1.96
-0.98
3.92
4.9
32.34
-31.36
-1.96
-0.98
3.92
4.9
32.34
-31.36
-1.96
-0.98
0
3.92
33.32
-32.34
-1.96
-0.98
0
2.94
3.92
34.3
-32.34
-1.96
-0.98
0
2.94
3.92
35.28
-33.32
-1.96
-0.98
0
0.98
1.96
2.94
35.28
-34.3
-1.96
-0.98
0
0.98
1.96
2.94
36.26
-36.26
-35.28
-1.96
-0.98
0
0.98
1.96
37.24
-37.24
-0.98
0
0.98
1.96
38.22
-37.24
-0.98
0
0.98
39.2
-38.22
-0.98
0
0.98
40.18
-38.22
0
0.98
41.16
-38.22
0
41.16
-38.22
42.14
-39.2
43.12
-39.2
44.1
-39.2
44.1
-39.2
0.98
45.08
-40.18
0
1.96
45.08
-40.18
0
2.94
46.06
-40.18
0
2.94
46.06
-40.18
0
3.92
46.06
-41.16
-0.98
3.92
45.08
-42.14
-0.98
3.92
45.08
-42.14
-0.98
3.92
44.1
-44.1
-43.12
-0.98
3.92
44.1
-46.06
-45.08
-0.98
3.92
44.1
-47.04
0
2.94
45.08
-48.02
0
0.98
1.96
46.06
-49
47.04
-49.98
48.02
-49.98
49
-50.96
49
-50.96
49.98
-50.96
49.98
-50.96
50.96
-50.96
50.96
-51.94
50.96
-51.94
50.96
-51.94
51.94
-51.94
51.94
-51.94
51.94
-51.94
51.94
-51.94
52.92
-50.96
52.92
-50.96
-49.98
52.92
-49.98
-49
52.92
-48.02
-47.04
-46.06
51.94
-46.06
50.96
51.94
-45.08
45.08
46.06
47.04
48.02
49
49.98
50.96
-44.1
44.1
45.08
46.06
47.04
-44.1
44.1
-44.1
44.1
-44.1
44.1
-44.1
44.1
-44.1
44.1
-44.1
44.1
-44.1
44.1
-44.1
44.1
-44.1
44.1
-43.12
44.1
-43.12
43.12
44.1
-43.12
43.12
44.1
-42.14
43.12
44.1
45.08
-42.14
43.12
44.1
45.08
-42.14
42.14
43.12
44.1
-42.14
42.14
43.12
44.1
-42.14
42.14
43.12
-43.12
-42.14
42.14
43.12
-43.12
-42.14
41.16
42.14
-43.12
-42.14
41.16
-42.14
40.18
41.16
-42.14
-41.16
40.18
-41.16
-40.18
40.18
-40.18
-39.2
-38.22
39.2
40.18
-38.22
-37.24
39.2
-37.24
-36.26
38.22
39.2
-36.26
37.24
38.22
39.2
-36.26
-35.28
30.38
31.36
32.34
33.32
34.3
35.28
36.26
37.24
38.22
-36.26
-35.28
29.4
30.38
-36.26
-35.28
29.4
-35.28
28.42
-35.28
-34.3
28.42
-34.3
27.44
-33.32
27.44
-33.32
-32.34
0
0.98
28.42
-32.34
-31.36
-0.98
0.98
1.96
28.42
-30.38
-29.4
-28.42
-1.96
2.94
28.42
-28.42
-27.44
-2.94
2.94
28.42
-27.44
-26.46
-3.92
-2.94
3.92
28.42
-26.46
-25.48
-3.92
4.9
28.42
-25.48
-4.9
-3.92
5.88
6.86
27.44
28.42
-24.5
-4.9
-3.92
6.86
7.84
8.82
9.8
10.78
11.76
12.74
26.46
27.44
-24.5
-5.88
-4.9
7.84
8.82
9.8
10.78
11.76
12.74
13.72
14.7
15.68
23.52
24.5
25.48
26.46
-23.52
-12.74
-11.76
-5.88
-4.9
8.82
9.8
10.78
14.7
15.68
16.66
17.64
18.62
19.6
20.58
21.56
22.54
-22.54
-21.56
-15.68
-14.7
-13.72
-12.74
-11.76
-10.78
-6.86
-5.88
-4.9
-21.56
-20.58
-19.6
-18.62
-17.64
-16.66
-15.68
-14.7
-13.72
-12.74
-11.76
-10.78
-9.8
-8.82
-7.84
-6.86
-5.88
-4.9
8.82
9.8
-20.58
-19.6
-18.62
-17.64
-16.66
-15.68
-12.74
-11.76
-10.78
-9.8
-8.82
-7.84
-6.86
-5.88
8.82
9.8
10.78
-10.78
-9.8
-8.82
-7.84
-6.86
-5.88
7.84
8.82
9.8
10.78
11.76
-8.82
-7.84
8.82
9.8
10.78
11.76
9.8
10.78
-11.76
-10.78
-9.8
-8.82
-7.84
-13.72
-12.74
-11.76
-7.84
-6.86
15.68
16.66
17.64
18.62
19.6
-15.68
-14.7
-6.86
-5.88
12.74
13.72
14.7
20.58
21.56
-24.5
-23.52
-22.54
-21.56
-20.58
-19.6
-18.62
-17.64
-16.66
-5.88
-4.9
10.78
11.76
22.54
23.52
24.5
-26.46
-25.48
-24.5
-4.9
8.82
9.8
10.78
25.48
26.46
27.44
-28.42
-27.44
-4.9
-3.92
7.84
8.82
28.42
-29.4
-28.42
-3.92
6.86
7.84
29.4
-30.38
-29.4
-3.92
6.86
7.84
30.38
-30.38
-29.4
-3.92
-2.94
5.88
6.86
31.36
-30.38
-3.92
-2.94
5.88
31.36
-30.38
-3.92
-2.94
5.88
32.34
-31.36
-30.38
-3.92
-2.94
4.9
32.34
-31.36
-3.92
-2.94
4.9
33.32
-31.36
-3.92
-2.94
4.9
34.3
-32.34
-3.92
-2.94
3.92
35.28
-34.3
-33.32
-3.92
-2.94
3.92
36.26
-35.28
-2.94
2.94
37.24
-36.26
-2.94
-1.96
2.94
38.22
-37.24
-1.96
1.96
39.2
-37.24
-1.96
1.96
40.18
-38.22
-0.98
1.96
40.18
-38.22
-0.98
0.98
41.16
-38.22
0
42.14
-38.22
43.12
-38.22
43.12
-39.2
44.1
-39.2
44.1
-39.2
0.98
45.08
-39.2
0.98
1.96
45.08
-40.18
0.98
2.94
45.08
-40.18
0
2.94
45.08
-40.18
0
3.92
44.1
-41.16
0
3.92
44.1
-42.14
0
3.92
43.12
-43.12
0
3.92
43.12
-45.08
-44.1
0
2.94
43.12
-47.04
-46.06
0.98
1.96
44.1
-48.02
45.08
-49
46.06
-49
47.04
-49.98
48.02
-49.98
49
-49.98
49
-50.96
49.98
-50.96
49.98
-50.96
49.98
-50.96
50.96
-50.96
50.96
-50.96
50.96
-50.96
50.96
-50.96
50.96
-50.96
51.94
-50.96
-49.98
51.94
-49.98
-49
51.94
-49
-48.02
50.96
51.94
-48.02
-47.04
-46.06
50.96
51.94
-45.08
49.98
50.96
-45.08
44.1
45.08
46.06
47.04
48.02
49
49.98
-44.1
43.12
44.1
-44.1
43.12
-44.1
43.12
-43.12
43.12
-43.12
43.12
-43.12
43.12
-43.12
43.12
-43.12
43.12
-43.12
43.12
-43.12
43.12
-43.12
43.12
-42.14
42.14
43.12
-42.14
42.14
-42.14
-41.16
41.16
42.14
-41.16
40.18
41.16
42.14
-41.16
-40.18
39.2
40.18
41.16
42.14
-41.16
-40.18
39.2
40.18
41.16
-41.16
-40.18
39.2
40.18
41.16
-41.16
-40.18
39.2
40.18
41.16
-41.16
-40.18
39.2
40.18
41.16
-41.16
-40.18
39.2
40.18
-41.16
-40.18
39.2
40.18
-41.16
-40.18
-39.2
39.2
-40.18
-39.2
-38.22
39.2
-39.2
-38.22
-37.24
38.22
39.2
-37.24
-36.26
38.22
-36.26
-35.28
-34.3
37.24
38.22
-35.28
-34.3
-33.32
31.36
32.34
33.32
34.3
35.28
36.26
37.24
-35.28
-34.3
-33.32
30.38
31.36
32.34
33.32
34.3
35.28
36.26
-34.3
-33.32
29.4
-34.3
-33.32
28.42
-34.3
-33.32
28.42
-34.3
-33.32
27.44
-33.32
27.44
-33.32
-32.34
0.98
27.44
-32.34
-31.36
0
0.98
1.96
27.44
-31.36
-30.38
-29.4
-0.98
1.96
27.44
-30.38
-29.4
-28.42
-27.44
-1.96
2.94
27.44
-27.44
-26.46
-2.94
2.94
27.44
-26.46
-3.92
3.92
27.44
-25.48
-5.88
-4.9
4.9
27.44
-24.5
-6.86
-5.88
-4.9
5.88
6.86
7.84
27.44
-24.5
-12.74
-11.76
-10.78
-9.8
-8.82
-7.84
-6.86
-5.88
7.84
8.82
9.8
10.78
11.76
12.74
13.72
26.46
-23.52
-14.7
-13.72
-12.74
-11.76
-10.78
-9.8
-8.82
-7.84
-6.86
-5.88
13.72
14.7
15.68
24.5
25.48
-23.52
-22.54
-15.68
-14.7
-13.72
-12.74
-11.76
-10.78
-9.8
-8.82
-7.84
-6.86
16.66
17.64
18.62
19.6
20.58
21.56
22.54
23.52
-22.54
-21.56
-20.58
-17.64
-16.66
-15.68
-14.7
-13.72
-10.78
-9.8
-8.82
-7.84
-6.86
-20.58
-19.6
-18.62
-17.64
-16.66
-9.8
-8.82
-7.84
-10.78
-9.8
-8.82
-13.72
-12.74
-11.76
-10.78
-9.8
-8.82
-7.84
15.68
16.66
17.64
18.62
19.6
-15.68
-14.7
-13.72
-7.84
-6.86
12.74
13.72
14.7
20.58
21.56
22.54
-23.52
-22.54
-21.56
-20.58
-19.6
-18.62
-17.64
-16.66
-15.68
-6.86
-5.88
11.76
12.74
23.52
24.5
25.48
-26.46
-25.48
-24.5
-23.52
-5.88
9.8
10.78
11.76
26.46
27.44
-27.44
-26.46
-25.48
-5.88
-4.9
8.82
9.8
28.42
-28.42
-27.44
-26.46
-4.9
8.82
29.4
-28.42
-27.44
-4.9
7.84
30.38
-29.4
-28.42
-4.9
6.86
7.84
31.36
-29.4
-4.9
6.86
31.36
-29.4
-4.9
5.88
32.34
-30.38
-4.9
5.88
33.32
-31.36
-4.9
4.9
34.3
-32.34
-4.9
4.9
34.3
-33.32
-4.9
3.92
35.28
-35.28
-34.3
-4.9
-3.92
3.92
36.26
-36.26
-3.92
2.94
37.24
-36.26
-3.92
-2.94
2.94
38.22
-37.24
-2.94
2.94
39.2
-37.24
-1.96
1.96
40.18
-37.24
-1.96
1.96
41.16
-37.24
-0.98
0
0.98
41.16
-38.22
42.14
-38.22
43.12
-38.22
43.12
-38.22
44.1
-39.2
44.1
-39.2
44.1
-39.2
1.96
44.1
-39.2
0.98
1.96
44.1
-40.18
0.98
2.94
43.12
-41.16
0
2.94
42.14
43.12
-42.14
0
2.94
42.14
-43.12
0
2.94
42.14
-44.1
0.98
1.96
43.12
-46.06
-45.08
44.1
-47.04
45.08
-48.02
46.06
-49
47.04
-49
48.02
-49.98
48.02
-49.98
49
-49.98
49
-49.98
49.98
-49.98
49.98
-49.98
49.98
-49.98
49.98
-49.98
49.98
-49.98
49.98
-49.98
50.96
-49.98
-49
50.96
-49
-48.02
49.98
50.96
-48.02
-47.04
49.98
50.96
-47.04
-46.06
49.98
-45.08
45.08
46.06
47.04
48.02
49
49.98
-44.1
43.12
44.1
45.08
46.06
47.04
48.02
49
-44.1
43.12
-44.1
42.14
-43.12
42.14
-43.12
42.14
-43.12
42.14
-43.12
42.14
-43.12
43.12
-43.12
43.12
-42.14
43.12
-42.14
42.14
-42.14
42.14
-42.14
42.14
-41.16
41.16
-41.16
39.2
40.18
41.16
-40.18
38.22
39.2
40.18
-40.18
-39.2
36.26
37.24
38.22
39.2
-39.2
36.26
37.24
38.22
-39.2
-38.22
36.26
37.24
38.22
-39.2
-38.22
-37.24
36.26
37.24
38.22
-39.2
-38.22
-37.24
36.26
37.24
38.22
-39.2
-38.22
-37.24
36.26
37.24
38.22
-39.2
-38.22
-37.24
36.26
37.24
38.22
-39.2
-38.22
-37.24
36.26
37.24
38.22
-38.22
-37.24
-36.26
-30.38
36.26
37.24
38.22
-37.24
-36.26
-35.28
-34.3
-33.32
-32.34
-31.36
-30.38
-29.4
35.28
36.26
37.24
38.22
-36.26
-35.28
-34.3
-33.32
-32.34
-31.36
-30.38
-29.4
-28.42
34.3
35.28
36.26
37.24
-35.28
-34.3
-33.32
-32.34
-31.36
-30.38
-29.4
-28.42
-27.44
32.34
33.32
34.3
35.28
36.26
37.24
-33.32
-32.34
-31.36
-30.38
-29.4
-28.42
-27.44
-26.46
31.36
32.34
33.32
34.3
35.28
36.26
-32.34
-31.36
-30.38
-29.4
-28.42
-27.44
-26.46
-25.48
30.38
-32.34
-31.36
-30.38
-29.4
-28.42
-27.44
-26.46
-25.48
29.4
-32.34
-31.36
-30.38
-29.4
-28.42
-27.44
-26.46
-25.48
28.42
-32.34
-31.36
-30.38
-29.4
-28.42
-27.44
-26.46
-25.48
-24.5
28.42
-32.34
-31.36
-30.38
-29.4
-28.42
-27.44
-26.46
-25.48
27.44
-32.34
-31.36
-30.38
-29.4
-28.42
-27.44
-26.46
-25.48
0.98
27.44
-32.34
-31.36
-30.38
-29.4
-28.42
-27.44
-26.46
0
0.98
1.96
27.44
-31.36
-30.38
-29.4
-28.42
-27.44
-26.46
-0.98
0
1.96
26.46
-30.38
-29.4
-28.42
-27.44
-26.46
-1.96
-0.98
2.94
26.46
-28.42
-27.44
-26.46
-25.48
-1.96
2.94
26.46
-26.46
-25.48
-2.94
3.92
26.46
-25.48
-4.9
-3.92
3.92
26.46
-25.48
-24.5
-5.88
-4.9
4.9
5.88
26.46
-24.5
-8.82
-7.84
-6.86
5.88
6.86
7.84
8.82
9.8
10.78
26.46
-23.52
-13.72
-12.74
-11.76
-10.78
-9.8
-8.82
-7.84
8.82
9.8
10.78
11.76
12.74
13.72
25.48
26.46
-23.52
-22.54
-15.68
-14.7
-13.72
14.7
15.68
24.5
25.48
-22.54
-21.56
-17.64
-16.66
-15.68
16.66
17.64
18.62
19.6
20.58
21.56
22.54
23.52
-21.56
-20.58
-19.6
-18.62
-17.64
-16.66
-19.6
-18.62
-12.74
-11.76
-10.78
-9.8
-8.82
15.68
16.66
17.64
18.62
19.6
20.58
-14.7
-13.72
-12.74
-11.76
-8.82
-7.84
13.72
14.7
15.68
21.56
22.54
23.52
-22.54
-21.56
-20.58
-19.6
-18.62
-17.64
-16.66
-15.68
-14.7
-6.86
12.74
13.72
24.5
25.48
26.46
-24.5
-23.52
-22.54
-6.86
10.78
11.76
26.46
27.44
-25.48
-24.5
-5.88
9.8
10.78
28.42
-26.46
-25.48
-5.88
8.82
9.8
29.4
-27.44
-26.46
-5.88
8.82
30.38
-28.42
-27.44
-5.88
7.84
31.36
-28.42
-5.88
6.86
31.36
-29.4
-5.88
6.86
32.34
-30.38
-5.88
5.88
33.32
-31.36
-5.88
5.88
34.3
-33.32
-32.34
-5.88
4.9
34.3
35.28
-34.3
-5.88
3.92
35.28
-35.28
-4.9
3.92
36.26
-36.26
-4.9
2.94
37.24
-36.26
-3.92
2.94
38.22
-37.24
-2.94
1.96
39.2
-37.24
-1.96
1.96
40.18
-37.24
-0.98
0
0.98
41.16
-37.24
42.14
-37.24
42.14
-38.22
43.12
-38.22
43.12
-38.22
43.12
-38.22
43.12
-38.22
43.12
-39.2
42.14
43.12
-39.2
1.96
42.14
-40.18
0.98
1.96
40.18
41.16
-41.16
0.98
1.96
40.18
41.16
-43.12
-42.14
0.98
1.96
40.18
41.16
-44.1
42.14
-45.08
43.12
-46.06
44.1
-47.04
45.08
-48.02
46.06
-48.02
47.04
-49
48.02
-49
48.02
-49
49
-49
49
-49
49
-49
49
-49
49
-49
49
49.98
-49
49
49.98
-49
-48.02
49
49.98
-48.02
-47.04
49
49.98
-47.04
-46.06
48.02
49
-46.06
-45.08
44.1
45.08
46.06
47.04
48.02
49
-45.08
43.12
44.1
45.08
46.06
47.04
48.02
49
-44.1
43.12
44.1
-44.1
42.14
-43.12
42.14
-43.12
42.14
-43.12
42.14
-43.12
42.14
-43.12
42.14
-42.14
42.14
-42.14
42.14
-42.14
42.14
-42.14
42.14
-41.16
42.14
-41.16
0.98
1.96
41.16
-41.16
0.98
1.96
40.18
41.16
-40.18
0.98
1.96
39.2
40.18
-40.18
-39.2
37.24
38.22
-39.2
35.28
36.26
37.24
-38.22
-37.24
-33.32
-32.34
-31.36
-30.38
35.28
-38.22
-37.24
-36.26
-35.28
-34.3
-33.32
-32.34
-31.36
-30.38
34.3
35.28
-37.24
-36.26
-35.28
-34.3
-33.32
-32.34
-31.36
-30.38
34.3
35.28
-36.26
-35.28
-34.3
-33.32
-32.34
-31.36
-30.38
34.3
35.28
-36.26
-35.28
-34.3
-33.32
-32.34
-31.36
-30.38
-29.4
34.3
35.28
-36.26
-35.28
-34.3
-33.32
-32.34
-31.36
-30.38
-29.4
34.3
35.28
-36.26
-35.28
-34.3
-33.32
-32.34
-31.36
-30.38
-29.4
34.3
35.28
-36.26
-35.28
-34.3
-33.32
-32.34
-31.36
-30.38
-29.4
-28.42
33.32
34.3
35.28
-35.28
-34.3
-33.32
-32.34
-31.36
-29.4
-28.42
33.32
34.3
35.28
-28.42
-27.44
32.34
33.32
34.3
-27.44
-26.46
31.36
32.34
33.32
-26.46
30.38
31.36
-25.48
30.38
-24.5
29.4
-24.5
28.42
-24.5
-23.52
28.42
-23.52
0
0.98
27.44
-24.5
-23.52
0
0.98
1.96
27.44
-24.5
-23.52
-0.98
0
1.96
2.94
26.46
-25.48
-24.5
-0.98
2.94
26.46
-25.48
-24.5
-1.96
2.94
26.46
-25.48
-24.5
-2.94
3.92
25.48
-24.5
-3.92
-2.94
3.92
25.48
-24.5
-4.9
-3.92
4.9
25.48
-24.5
-5.88
4.9
5.88
25.48
-23.52
-8.82
-7.84
-6.86
6.86
7.84
8.82
9.8
10.78
11.76
25.48
-23.52
-22.54
-13.72
-12.74
-11.76
-10.78
-9.8
11.76
12.74
13.72
24.5
25.48
-22.54
-21.56
-15.68
-14.7
14.7
23.52
24.5
-21.56
-20.58
-19.6
-18.62
-17.64
-16.66
15.68
16.66
17.64
20.58
21.56
22.54
23.52
-20.58
-19.6
-18.62
18.62
19.6
-10.78
-9.8
16.66
17.64
18.62
19.6
20.58
-13.72
-12.74
-11.76
-10.78
-9.8
-8.82
-7.84
14.7
15.68
16.66
17.64
18.62
19.6
20.58
21.56
22.54
23.52
-21.56
-20.58
-19.6
-18.62
-17.64
-16.66
-15.68
-14.7
-8.82
-7.84
12.74
13.72
14.7
15.68
22.54
23.52
24.5
25.48
-23.52
-22.54
-21.56
-7.84
-6.86
11.76
12.74
25.48
26.46
27.44
-24.5
-23.52
-6.86
10.78
27.44
28.42
-25.48
-24.5
-6.86
9.8
28.42
29.4
-26.46
-25.48
-6.86
8.82
29.4
30.38
-27.44
-6.86
7.84
30.38
-28.42
-6.86
6.86
31.36
-29.4
-6.86
6.86
31.36
32.34
-31.36
-30.38
-6.86
5.88
32.34
33.32
-32.34
-6.86
4.9
33.32
-34.3
-33.32
-6.86
4.9
34.3
-35.28
-5.88
3.92
34.3
35.28
-35.28
-4.9
2.94
35.28
36.26
-36.26
-3.92
2.94
37.24
-36.26
-2.94
1.96
38.22
39.2
-36.26
-1.96
1.96
39.2
-36.26
-0.98
0
0.98
40.18
-37.24
41.16
-37.24
42.14
-37.24
42.14
-37.24
42.14
-37.24
43.12
-38.22
42.14
-38.22
42.14
-38.22
41.16
-39.2
40.18
41.16
-40.18
39.2
-41.16
38.22
39.2
-42.14
39.2
-43.12
40.18
41.16
-44.1
42.14
-45.08
43.12
44.1
-46.06
45.08
-47.04
46.06
-47.04
47.04
-48.02
47.04
-48.02
48.02
-48.02
48.02
-48.02
48.02
-48.02
48.02
-48.02
48.02
-48.02
48.02
-48.02
-47.04
41.16
42.14
43.12
47.04
48.02
-48.02
-47.04
-46.06
42.14
43.12
44.1
45.08
46.06
47.04
48.02
-47.04
-46.06
-45.08
42.14
43.12
44.1
45.08
46.06
47.04
48.02
-46.06
-45.08
-44.1
42.14
43.12
44.1
45.08
46.06
47.04
48.02
-45.08
-44.1
42.14
43.12
44.1
45.08
46.06
47.04
-44.1
42.14
43.12
-44.1
42.14
-43.12
42.14
-43.12
42.14
-43.12
41.16
-43.12
41.16
-43.12
41.16
-42.14
41.16
-42.14
41.16
-42.14
41.16
-42.14
41.16
-41.16
41.16
-41.16
0.98
1.96
41.16
-41.16
0.98
1.96
2.94
41.16
-40.18
0
2.94
40.18
-40.18
0
2.94
39.2
-39.2
-31.36
-30.38
0
2.94
37.24
38.22
-38.22
-37.24
-33.32
-32.34
-31.36
-30.38
0.98
1.96
35.28
36.26
-38.22
-37.24
-36.26
-35.28
-34.3
-33.32
-32.34
-31.36
-30.38
-29.4
34.3
-36.26
-35.28
-34.3
-29.4
34.3
-29.4
33.32
-29.4
33.32
-29.4
33.32
-28.42
33.32
-28.42
32.34
33.32
-28.42
32.34
33.32
-27.44
32.34
-27.44
31.36
32.34
-26.46
31.36
-25.48
30.38
-25.48
29.4
-24.5
29.4
-23.52
28.42
-23.52
0
0.98
28.42
-22.54
0
0.98
1.96
27.44
-22.54
-0.98
1.96
2.94
27.44
-22.54
-1.96
-0.98
2.94
26.46
-22.54
-1.96
3.92
26.46
-23.52
-2.94
-1.96
3.92
25.48
-23.52
-2.94
3.92
4.9
25.48
-23.52
-3.92
4.9
25.48
-23.52
-4.9
4.9
5.88
24.5
-23.52
-6.86
-5.88
5.88
6.86
7.84
24.5
-23.52
-22.54
-8.82
-7.84
-6.86
6.86
7.84
8.82
9.8
10.78
11.76
12.74
24.5
-22.54
-13.72
-12.74
-11.76
-10.78
-9.8
12.74
13.72
23.52
24.5
-21.56
-20.58
-16.66
-15.68
-14.7
14.7
15.68
22.54
23.52
-20.58
-19.6
-18.62
-17.64
-16.66
15.68
16.66
17.64
21.56
22.54
18.62
19.6
20.58
-13.72
-12.74
-11.76
-10.78
-9.8
16.66
17.64
18.62
19.6
20.58
21.56
-20.58
-19.6
-18.62
-17.64
-16.66
-15.68
-14.7
-13.72
-12.74
-11.76
-10.78
-9.8
-8.82
13.72
14.7
15.68
16.66
17.64
18.62
19.6
20.58
21.56
22.54
23.52
24.5
-22.54
-21.56
-8.82
-7.84
11.76
12.74
13.72
20.58
21.56
22.54
23.52
24.5
25.48
26.46
-23.52
-22.54
-7.84
10.78
22.54
23.52
24.5
25.48
26.46
27.44
-24.5
-7.84
9.8
23.52
24.5
25.48
26.46
27.44
28.42
-26.46
-25.48
-6.86
8.82
24.5
25.48
26.46
27.44
28.42
29.4
-27.44
-7.84
7.84
26.46
27.44
28.42
29.4
30.38
-28.42
-7.84
6.86
28.42
29.4
30.38
-30.38
-29.4
-7.84
5.88
29.4
30.38
31.36
-32.34
-31.36
-7.84
5.88
30.38
31.36
32.34
-33.32
-6.86
4.9
31.36
32.34
33.32
-34.3
-6.86
3.92
31.36
32.34
33.32
-35.28
-5.88
2.94
32.34
33.32
34.3
-35.28
-4.9
2.94
33.32
34.3
35.28
36.26
-36.26
-3.92
1.96
35.28
36.26
37.24
-36.26
-2.94
-1.96
0.98
37.24
38.22
-36.26
-0.98
0
39.2
-36.26
40.18
-36.26
41.16
-36.26
41.16
-37.24
41.16
-37.24
41.16
42.14
-37.24
41.16
-37.24
41.16
-37.24
40.18
-38.22
38.22
39.2
-39.2
37.24
38.22
-40.18
36.26
37.24
-41.16
36.26
37.24
38.22
-43.12
-42.14
38.22
39.2
-44.1
40.18
41.16
-45.08
42.14
43.12
-45.08
44.1
-46.06
45.08
-46.06
45.08
46.06
-47.04
-46.06
46.06
-47.04
46.06
47.04
-47.04
46.06
47.04
-47.04
45.08
46.06
47.04
-47.04
-46.06
41.16
42.14
43.12
44.1
45.08
46.06
47.04
-47.04
-46.06
40.18
41.16
42.14
43.12
44.1
45.08
46.06
47.04
-47.04
-46.06
-45.08
39.2
40.18
41.16
42.14
43.12
44.1
45.08
46.06
47.04
-46.06
-45.08
-44.1
40.18
44.1
45.08
46.06
-45.08
-44.1
-43.12
40.18
41.16
-44.1
-43.12
41.16
-43.12
41.16
-43.12
41.16
-43.12
41.16
-43.12
41.16
-43.12
41.16
-43.12
41.16
-42.14
41.16
-42.14
41.16
-42.14
41.16
-42.14
41.16
-42.14
41.16
-41.16
41.16
-41.16
0.98
41.16
-41.16
0.98
1.96
41.16
-40.18
0
2.94
40.18
-40.18
-39.2
0
3.92
40.18
-39.2
-31.36
-30.38
0
3.92
38.22
39.2
-39.2
-38.22
-37.24
-33.32
-32.34
-31.36
-30.38
-29.4
0
3.92
36.26
37.24
38.22
-38.22
-37.24
-36.26
-35.28
-34.3
-33.32
-32.34
-29.4
0
3.92
34.3
35.28
36.26
-36.26
-35.28
-34.3
-29.4
0
2.94
34.3
-28.42
0.98
1.96
33.32
-28.42
33.32
-28.42
32.34
-28.42
32.34
-28.42
32.34
-28.42
32.34
-27.44
31.36
-27.44
31.36
-26.46
31.36
-26.46
30.38
-25.48
30.38
-24.5
29.4
-24.5
28.42
-23.52
28.42
-22.54
0
0.98
1.96
27.44
-22.54
-0.98
1.96
27.44
-21.56
-1.96
-0.98
2.94
27.44
-21.56
-1.96
3.92
26.46
-21.56
-2.94
3.92
4.9
26.46
-22.54
-3.92
-2.94
4.9
25.48
-22.54
-3.92
4.9
5.88
25.48
-22.54
-4.9
-3.92
5.88
6.86
24.5
-22.54
-5.88
-4.9
5.88
6.86
7.84
8.82
9.8
10.78
24.5
-22.54
-6.86
-5.88
6.86
7.84
8.82
9.8
10.78
11.76
12.74
23.52
-22.54
-21.56
-8.82
-7.84
8.82
9.8
10.78
11.76
12.74
13.72
23.52
-21.56
-20.58
-12.74
-11.76
-10.78
-9.8
13.72
14.7
22.54
23.52
-21.56
-20.58
-19.6
-18.62
-17.64
-16.66
-15.68
-14.7
-13.72
14.7
15.68
21.56
22.54
-19.6
-18.62
-17.64
16.66
17.64
18.62
19.6
20.58
21.56
18.62
19.6
20.58
-20.58
-19.6
-18.62
-17.64
-16.66
-15.68
-14.7
-13.72
-12.74
-11.76
-10.78
-9.8
14.7
15.68
16.66
17.64
18.62
19.6
-21.56
-9.8
-8.82
11.76
12.74
13.72
17.64
18.62
19.6
20.58
21.56
-23.52
-22.54
-8.82
-7.84
10.78
19.6
20.58
21.56
22.54
-24.5
-7.84
9.8
20.58
21.56
22.54
23.52
-26.46
-25.48
-7.84
8.82
21.56
22.54
23.52
24.5
25.48
-27.44
-7.84
7.84
22.54
23.52
24.5
25.48
26.46
27.44
-29.4
-28.42
-7.84
6.86
23.52
24.5
25.48
26.46
27.44
28.42
-31.36
-30.38
-7.84
5.88
24.5
25.48
26.46
27.44
28.42
29.4
-32.34
-7.84
4.9
26.46
27.44
28.42
29.4
30.38
-33.32
-7.84
3.92
27.44
28.42
29.4
30.38
-34.3
-6.86
3.92
29.4
30.38
31.36
-35.28
-5.88
2.94
30.38
31.36
32.34
-35.28
-4.9
-3.92
1.96
31.36
32.34
33.32
34.3
-35.28
-2.94
0.98
33.32
34.3
35.28
36.26
-35.28
-1.96
-0.98
0
36.26
37.24
38.22
-35.28
38.22
39.2
-35.28
39.2
40.18
-36.26
40.18
-36.26
40.18
-36.26
40.18
-36.26
40.18
-36.26
39.2
40.18
-36.26
38.22
39.2
-37.24
37.24
-38.22
-37.24
36.26
-39.2
34.3
35.28
-41.16
-40.18
34.3
35.28
-42.14
36.26
37.24
-43.12
38.22
39.2
40.18
-44.1
41.16
42.14
-44.1
42.14
43.12
-45.08
43.12
44.1
-45.08
44.1
-45.08
44.1
45.08
-46.06
-45.08
43.12
44.1
45.08
-46.06
-45.08
42.14
43.12
44.1
45.08
-46.06
-45.08
40.18
41.16
42.14
43.12
44.1
-45.08
-44.1
39.2
40.18
-45.08
-44.1
-43.12
38.22
39.2
-44.1
-43.12
-42.14
38.22
-43.12
-42.14
-41.16
39.2
-42.14
-41.16
39.2
-42.14
-41.16
40.18
-42.14
40.18
-42.14
40.18
-42.14
40.18
-42.14
40.18
-42.14
41.16
-42.14
41.16
-42.14
41.16
-42.14
40.18
-42.14
40.18
-41.16
-0.98
0
40.18
-41.16
-0.98
0
0.98
40.18
-41.16
-0.98
0
0.98
40.18
-40.18
0
1.96
40.18
-40.18
-39.2
0
2.94
40.18
-39.2
-38.22
-31.36
0
3.92
39.2
-38.22
-37.24
-34.3
-33.32
-32.34
-31.36
-30.38
-29.4
-0.98
3.92
38.22
39.2
-38.22
-37.24
-36.26
-35.28
-34.3
-33.32
-32.34
-29.4
-28.42
-0.98
4.9
36.26
37.24
-36.26
-35.28
-34.3
-28.42
-0.98
4.9
34.3
35.28
-28.42
0
3.92
33.32
-28.42
0
3.92
32.34
33.32
-28.42
0.98
1.96
2.94
32.34
-28.42
32.34
-28.42
31.36
-27.44
31.36
-27.44
31.36
-27.44
31.36
-27.44
30.38
-26.46
30.38
-25.48
30.38
-25.48
29.4
-24.5
29.4
-23.52
28.42
-23.52
-22.54
0
0.98
28.42
-22.54
-0.98
0
0.98
1.96
27.44
-21.56
-1.96
-0.98
2.94
27.44
-21.56
-2.94
-1.96
2.94
3.92
26.46
-21.56
-2.94
3.92
4.9
26.46
-21.56
-3.92
-2.94
4.9
5.88
25.48
-21.56
-4.9
-3.92
5.88
6.86
7.84
9.8
10.78
11.76
25.48
-21.56
-4.9
5.88
6.86
7.84
8.82
9.8
10.78
11.76
24.5
-21.56
-5.88
-4.9
6.86
7.84
8.82
9.8
10.78
11.76
12.74
24.5
-21.56
-6.86
-5.88
7.84
8.82
9.8
10.78
11.76
12.74
23.52
-21.56
-7.84
-6.86
11.76
12.74
13.72
22.54
23.52
-21.56
-20.58
-8.82
-7.84
13.72
22.54
-20.58
-19.6
-11.76
-10.78
-9.8
14.7
21.56
22.54
-19.6
-18.62
-17.64
-16.66
-15.68
-14.7
-13.72
-12.74
15.68
16.66
20.58
21.56
16.66
17.64
18.62
19.6
20.58
-20.58
-19.6
-18.62
-17.64
-16.66
-15.68
-14.7
-13.72
-12.74
-11.76
-10.78
13.72
14.7
15.68
16.66
-21.56
-10.78
-9.8
11.76
12.74
17.64
18.62
-23.52
-22.54
-9.8
-8.82
10.78
18.62
19.6
-25.48
-24.5
-8.82
8.82
9.8
20.58
-26.46
-8.82
7.84
21.56
-28.42
-27.44
-8.82
6.86
22.54
-30.38
-29.4
-8.82
5.88
23.52
-31.36
-8.82
4.9
24.5
25.48
-33.32
-32.34
-8.82
3.92
25.48
26.46
-33.32
-8.82
-7.84
3.92
26.46
27.44
28.42
-34.3
-6.86
2.94
28.42
29.4
-34.3
-5.88
-4.9
1.96
29.4
30.38
-34.3
-3.92
-2.94
0.98
30.38
31.36
32.34
-35.28
-1.96
-0.98
0
32.34
33.32
34.3
35.28
-35.28
35.28
36.26
37.24
-35.28
37.24
38.22
-35.28
38.22
39.2
-35.28
38.22
39.2
-35.28
39.2
-35.28
38.22
39.2
-35.28
38.22
-35.28
37.24
-36.26
-35.28
35.28
36.26
-36.26
34.3
35.28
-38.22
-37.24
33.32
-39.2
33.32
-41.16
-40.18
34.3
35.28
-42.14
36.26
37.24
38.22
-43.12
-42.14
39.2
40.18
-43.12
41.16
-44.1
-43.12
42.14
-44.1
-43.12
42.14
43.12
-44.1
-43.12
42.14
43.12
-44.1
-43.12
41.16
42.14
-44.1
-43.12
40.18
41.16
-44.1
-43.12
-42.14
38.22
39.2
-43.12
-42.14
-41.16
0
38.22
-42.14
-41.16
-40.18
-0.98
0
37.24
-41.16
-40.18
-39.2
37.24
-40.18
-39.2
38.22
-40.18
38.22
-40.18
39.2
-41.16
-40.18
39.2
-41.16
39.2
-41.16
40.18
-41.16
40.18
-41.16
40.18
-41.16
40.18
-41.16
40.18
-41.16
-0.98
40.18
-41.16
-1.96
-0.98
0
40.18
-40.18
-1.96
0.98
40.18
-40.18
-1.96
1.96
40.18
-40.18
-39.2
-1.96
1.96
40.18
-39.2
-38.22
-0.98
2.94
39.2
-38.22
-37.24
-36.26
-35.28
-34.3
-33.32
-32.34
-31.36
-0.98
3.92
38.22
39.2
-37.24
-36.26
-35.28
-34.3
-33.32
-32.34
-30.38
-29.4
-0.98
3.92
37.24
38.22
-36.26
-35.28
-28.42
-0.98
4.9
34.3
35.28
36.26
37.24
-27.44
-0.98
4.9
32.34
33.32
34.3
35.28
-27.44
-0.98
4.9
32.34
33.32
-27.44
-0.98
4.9
31.36
32.34
-27.44
0
4.9
31.36
-27.44
0
3.92
30.38
31.36
-27.44
0.98
1.96
2.94
30.38
31.36
-27.44
30.38
-27.44
29.4
30.38
-27.44
29.4
30.38
-26.46
29.4
30.38
-26.46
29.4
-25.48
28.42
29.4
-24.5
28.42
29.4
-24.5
-23.52
28.42
-23.52
-22.54
0
0.98
28.42
-22.54
-21.56
-0.98
0
0.98
1.96
27.44
-21.56
-1.96
-0.98
1.96
27.44
-21.56
-2.94
-1.96
2.94
13.72
14.7
26.46
-20.58
-3.92
-2.94
3.92
11.76
12.74
13.72
14.7
26.46
-20.58
-4.9
-3.92
4.9
10.78
11.76
12.74
13.72
14.7
25.48
26.46
-20.58
-5.88
-4.9
-3.92
5.88
6.86
7.84
8.82
9.8
10.78
11.76
12.74
13.72
14.7
25.48
-20.58
-5.88
-4.9
6.86
7.84
8.82
9.8
10.78
11.76
12.74
13.72
24.5
-20.58
-6.86
-5.88
8.82
12.74
13.72
24.5
-20.58
-7.84
-6.86
-5.88
12.74
13.72
23.52
-20.58
-7.84
-6.86
13.72
14.7
22.54
23.52
-20.58
-19.6
-8.82
-7.84
13.72
14.7
21.56
22.54
-20.58
-19.6
-9.8
-8.82
14.7
15.68
21.56
-19.6
-18.62
-11.76
-10.78
-9.8
14.7
15.68
16.66
19.6
20.58
21.56
-18.62
-17.64
-16.66
-15.68
-14.7
-13.72
-12.74
-11.76
15.68
16.66
17.64
18.62
19.6
20.58
17.64
18.62
19.6
-16.66
-15.68
-14.7
-20.58
-19.6
-18.62
-17.64
-14.7
-13.72
-12.74
-11.76
12.74
13.72
14.7
15.68
16.66
-21.56
-20.58
-11.76
-10.78
11.76
17.64
-23.52
-22.54
-10.78
-9.8
9.8
10.78
18.62
19.6
-25.48
-24.5
-9.8
8.82
20.58
-26.46
-25.48
-9.8
7.84
21.56
-28.42
-27.44
-9.8
6.86
22.54
-30.38
-29.4
-9.8
5.88
23.52
-31.36
-9.8
4.9
24.5
-32.34
-9.8
3.92
25.48
-33.32
-8.82
-7.84
2.94
26.46
27.44
-33.32
-6.86
-5.88
2.94
28.42
-34.3
-4.9
-3.92
-2.94
1.96
29.4
-34.3
-1.96
-0.98
0
0.98
30.38
31.36
-34.3
32.34
33.32
34.3
-34.3
34.3
35.28
36.26
-34.3
36.26
37.24
-34.3
37.24
-34.3
37.24
38.22
-34.3
37.24
-34.3
36.26
37.24
-34.3
35.28
36.26
-34.3
34.3
-35.28
-34.3
-33.32
32.34
33.32
-36.26
-35.28
-34.3
31.36
32.34
-38.22
-37.24
-36.26
31.36
32.34
-39.2
32.34
33.32
-41.16
-40.18
34.3
35.28
36.26
-41.16
37.24
38.22
-42.14
-41.16
39.2
40.18
-42.14
40.18
41.16
-42.14
40.18
41.16
-42.14
40.18
41.16
-42.14
-41.16
39.2
40.18
-42.14
-41.16
38.22
39.2
-41.16
-40.18
-39.2
0
0.98
37.24
-40.18
-39.2
-38.22
-0.98
0.98
37.24
-39.2
-38.22
-37.24
-1.96
0.98
36.26
-38.22
-37.24
-0.98
0
37.24
-38.22
-37.24
37.24
-39.2
-38.22
37.24
-39.2
38.22
-39.2
38.22
-40.18
39.2
-40.18
39.2
-40.18
39.2
-40.18
39.2
-40.18
39.2
-40.18
-0.98
39.2
-40.18
-1.96
0
39.2
-40.18
-39.2
-2.94
0.98
39.2
-39.2
-38.22
-2.94
1.96
39.2
-39.2
-38.22
-37.24
-2.94
1.96
39.2
-38.22
-37.24
-36.26
-35.28
-34.3
-2.94
2.94
38.22
39.2
-37.24
-36.26
-35.28
-34.3
-33.32
-32.34
-31.36
-1.96
2.94
38.22
-30.38
-29.4
-1.96
3.92
36.26
37.24
-28.42
-1.96
4.9
32.34
33.32
34.3
35.28
36.26
-27.44
-0.98
5.88
30.38
31.36
32.34
33.32
-27.44
-0.98
5.88
30.38
31.36
-27.44
-0.98
5.88
29.4
30.38
31.36
-27.44
-0.98
5.88
29.4
30.38
-27.44
-0.98
4.9
29.4
30.38
-27.44
0
4.9
28.42
29.4
-27.44
0
2.94
3.92
28.42
29.4
-27.44
0.98
1.96
2.94
27.44
28.42
29.4
-26.46
0.98
1.96
26.46
27.44
28.42
-26.46
26.46
27.44
28.42
-26.46
25.48
26.46
27.44
28.42
-25.48
25.48
26.46
27.44
28.42
-24.5
-23.52
0.98
25.48
26.46
27.44
-23.52
-22.54
0
0.98
25.48
26.46
27.44
-22.54
-21.56
-20.58
-0.98
0
0.98
1.96
25.48
26.46
27.44
-21.56
-20.58
-19.6
-1.96
-0.98
1.96
17.64
18.62
25.48
26.46
27.44
-20.58
-19.6
-2.94
-1.96
2.94
14.7
15.68
16.66
17.64
18.62
25.48
26.46
-20.58
-19.6
-3.92
-2.94
2.94
3.92
12.74
13.72
14.7
15.68
16.66
17.64
18.62
25.48
26.46
-20.58
-19.6
-4.9
-3.92
3.92
4.9
10.78
11.76
12.74
15.68
16.66
17.64
25.48
-19.6
-6.86
-5.88
-4.9
4.9
5.88
6.86
7.84
8.82
9.8
10.78
15.68
16.66
17.64
24.5
25.48
-19.6
-7.84
-6.86
-5.88
5.88
6.86
7.84
8.82
9.8
15.68
16.66
24.5
-19.6
-7.84
-6.86
15.68
16.66
23.52
24.5
-19.6
-8.82
-7.84
-6.86
14.7
15.68
16.66
22.54
23.52
-19.6
-8.82
-7.84
14.7
15.68
21.56
22.54
23.52
-19.6
-8.82
14.7
15.68
16.66
21.56
22.54
-19.6
-18.62
-9.8
-8.82
15.68
16.66
19.6
20.58
21.56
-18.62
-17.64
-10.78
-9.8
15.68
16.66
17.64
18.62
19.6
20.58
-18.62
-17.64
-16.66
-12.74
-11.76
-10.78
16.66
17.64
18.62
19.6
20.58
-17.64
-16.66
-15.68
-14.7
-13.72
-12.74
17.64
18.62
-16.66
-15.68
-19.6
-18.62
-17.64
-16.66
-15.68
-14.7
-13.72
-12.74
12.74
13.72
14.7
15.68
16.66
-21.56
-20.58
-12.74
-11.76
10.78
11.76
17.64
-23.52
-22.54
-21.56
-11.76
-10.78
9.8
18.62
19.6
-24.5
-23.52
-10.78
8.82
19.6
20.58
-26.46
-25.48
-24.5
-10.78
6.86
7.84
20.58
21.56
-28.42
-27.44
-26.46
-10.78
5.88
21.56
22.54
-30.38
-29.4
-28.42
-11.76
-10.78
4.9
23.52
-31.36
-30.38
-11.76
-10.78
3.92
24.5
-32.34
-31.36
-11.76
-10.78
-9.8
3.92
25.48
-32.34
-8.82
-7.84
-6.86
-5.88
2.94
26.46
27.44
-33.32
-4.9
-3.92
-2.94
1.96
28.42
-33.32
-1.96
-0.98
0
0.98
29.4
-33.32
30.38
31.36
-33.32
32.34
33.32
-33.32
33.32
34.3
35.28
-33.32
34.3
35.28
36.26
-33.32
35.28
36.26
-33.32
35.28
36.26
-33.32
34.3
35.28
-33.32
-32.34
33.32
34.3
-33.32
-32.34
-31.36
31.36
32.34
33.32
-32.34
-31.36
-30.38
-29.4
-28.42
-27.44
-26.46
-25.48
29.4
30.38
31.36
-33.32
-32.34
-31.36
-30.38
-29.4
-28.42
-27.44
-26.46
28.42
29.4
30.38
-35.28
-34.3
-33.32
-32.34
-31.36
-30.38
-29.4
-28.42
-27.44
29.4
30.38
-38.22
-37.24
-36.26
-35.28
31.36
-39.2
-38.22
32.34
33.32
-40.18
-39.2
34.3
35.28
36.26
-40.18
36.26
37.24
38.22
-41.16
-40.18
38.22
39.2
-41.16
-40.18
38.22
39.2
-41.16
-40.18
38.22
39.2
-40.18
-39.2
0.98
37.24
38.22
-40.18
-39.2
-38.22
0
0.98
37.24
-38.22
-37.24
-0.98
1.96
36.26
-37.24
-36.26
-35.28
-1.96
1.96
35.28
36.26
-36.26
-35.28
-34.3
-1.96
0.98
35.28
-36.26
-35.28
-1.96
0.98
36.26
-36.26
-35.28
-0.98
0
36.26
-37.24
-36.26
36.26
-38.22
-37.24
37.24
-38.22
37.24
-39.2
-38.22
38.22
-39.2
38.22
-39.2
38.22
-39.2
38.22
-39.2
39.2
-39.2
-38.22
-1.96
-0.98
0
39.2
-39.2
-38.22
-2.94
0.98
38.22
39.2
-38.22
-37.24
-2.94
0.98
38.22
-37.24
-36.26
-35.28
-3.92
1.96
38.22
-36.26
-35.28
-34.3
-33.32
-3.92
2.94
37.24
38.22
-33.32
-32.34
-31.36
-3.92
2.94
36.26
37.24
-30.38
-29.4
-2.94
3.92
34.3
35.28
36.26
37.24
-28.42
-27.44
-2.94
4.9
28.42
29.4
30.38
31.36
32.34
33.32
34.3
35.28
-27.44
-1.96
5.88
28.42
29.4
30.38
31.36
-26.46
-1.96
5.88
28.42
29.4
-26.46
-1.96
6.86
28.42
29.4
-26.46
-0.98
6.86
27.44
28.42
-26.46
-0.98
6.86
27.44
28.42
-26.46
-0.98
5.88
27.44
28.42
-26.46
-0.98
4.9
26.46
27.44
-26.46
0
4.9
25.48
26.46
27.44
-26.46
0
3.92
25.48
26.46
-26.46
0
2.94
24.5
25.48
-25.48
0
0.98
1.96
2.94
23.52
24.5
25.48
-25.48
0
0.98
1.96
22.54
23.52
24.5
-24.5
-23.52
0
0.98
1.96
21.56
22.54
23.52
24.5
-22.54
-21.56
-0.98
0
1.96
2.94
20.58
21.56
22.54
23.52
24.5
-21.56
-20.58
-19.6
-18.62
-17.64
-16.66
-1.96
-0.98
1.96
2.94
18.62
19.6
20.58
21.56
22.54
23.52
24.5
-19.6
-18.62
-17.64
-16.66
-15.68
-14.7
-13.72
-12.74
-1.96
2.94
16.66
17.64
18.62
19.6
20.58
21.56
22.54
23.52
24.5
-18.62
-17.64
-16.66
-15.68
-14.7
-13.72
-12.74
-11.76
-10.78
-2.94
2.94
3.92
14.7
15.68
16.66
19.6
20.58
21.56
22.54
23.52
24.5
-18.62
-17.64
-16.66
-15.68
-14.7
-13.72
-12.74
-11.76
-10.78
-9.8
-8.82
-5.88
-4.9
-3.92
3.92
12.74
13.72
19.6
20.58
21.56
22.54
23.52
24.5
-18.62
-17.64
-16.66
-11.76
-10.78
-9.8
-8.82
-7.84
-6.86
-5.88
-4.9
4.9
10.78
11.76
19.6
20.58
21.56
22.54
23.52
24.5
-18.62
-17.64
-10.78
-9.8
-8.82
-7.84
-6.86
-5.88
5.88
6.86
7.84
8.82
9.8
18.62
19.6
20.58
21.56
22.54
23.52
24.5
-18.62
-17.64
-10.78
-9.8
-8.82
-7.84
18.62
19.6
20.58
21.56
22.54
23.52
-18.62
-17.64
-10.78
-9.8
-8.82
17.64
18.62
19.6
20.58
21.56
22.54
23.52
-18.62
-17.64
-10.78
-9.8
-8.82
17.64
18.62
19.6
20.58
21.56
22.54
-18.62
-17.64
-10.78
-9.8
17.64
18.62
19.6
20.58
21.56
-18.62
-17.64
-10.78
-9.8
16.66
17.64
18.62
19.6
20.58
-18.62
-17.64
-16.66
-11.76
-10.78
-9.8
17.64
18.62
19.6
20.58
-17.64
-16.66
-15.68
-12.74
-11.76
-10.78
17.64
18.62
-16.66
-15.68
-14.7
-13.72
-12.74
-11.76
-15.68
-14.7
-13.72
-19.6
-18.62
-17.64
-16.66
-15.68
-14.7
-13.72
11.76
12.74
13.72
14.7
15.68
16.66
-20.58
-19.6
-18.62
-14.7
-13.72
-12.74
10.78
11.76
16.66
17.64
-22.54
-21.56
-20.58
-13.72
-12.74
-11.76
9.8
18.62
-23.52
-22.54
-21.56
-12.74
-11.76
7.84
8.82
19.6
-25.48
-24.5
-23.52
-22.54
-12.74
-11.76
6.86
7.84
20.58
-27.44
-26.46
-25.48
-24.5
-23.52
-12.74
5.88
21.56
22.54
-29.4
-28.42
-27.44
-26.46
-25.48
-13.72
-12.74
4.9
22.54
23.52
-30.38
-29.4
-28.42
-13.72
-12.74
3.92
24.5
-31.36
-30.38
-13.72
-12.74
-11.76
-10.78
-9.8
-8.82
-7.84
3.92
25.48
26.46
-32.34
-31.36
-6.86
-5.88
-4.9
-3.92
2.94
26.46
27.44
-32.34
-2.94
-1.96
1.96
28.42
-32.34
-0.98
0
0.98
29.4
-32.34
30.38
31.36
-32.34
31.36
32.34
-32.34
32.34
33.32
-32.34
32.34
33.32
34.3
-32.34
32.34
33.32
34.3
-32.34
-31.36
32.34
33.32
-31.36
-30.38
-29.4
-28.42
-27.44
-26.46
-25.48
-24.5
30.38
31.36
32.34
-30.38
-29.4
-28.42
-27.44
-26.46
-25.48
-24.5
26.46
27.44
28.42
29.4
30.38
-24.5
24.5
25.48
26.46
27.44
28.42
-25.48
25.48
26.46
27.44
-26.46
-25.48
26.46
27.44
28.42
-34.3
-33.32
-32.34
-31.36
-30.38
-29.4
-28.42
-27.44
-26.46
29.4
30.38
-37.24
-36.26
-35.28
-34.3
-33.32
-32.34
-31.36
-30.38
-29.4
-28.42
31.36
-38.22
-37.24
-36.26
32.34
33.32
34.3
-39.2
-38.22
-37.24
34.3
35.28
-39.2
-38.22
35.28
36.26
37.24
-39.2
-38.22
36.26
37.24
-39.2
-38.22
-37.24
0.98
36.26
37.24
-38.22
-37.24
0
1.96
35.28
36.26
-37.24
-36.26
-35.28
-0.98
1.96
35.28
36.26
-36.26
-35.28
-34.3
-1.96
1.96
34.3
35.28
-34.3
-33.32
-32.34
-31.36
-23.52
-22.54
-1.96
1.96
34.3
-33.32
-32.34
-31.36
-30.38
-29.4
-26.46
-25.48
-24.5
-23.52
-22.54
-1.96
1.96
34.3
-34.3
-33.32
-32.34
-31.36
-30.38
-1.96
0.98
35.28
-34.3
-33.32
-32.34
-1.96
0.98
35.28
-35.28
-34.3
-0.98
0
36.26
-36.26
-35.28
36.26
-37.24
-36.26
37.24
-37.24
37.24
-38.22
-37.24
37.24
-38.22
-37.24
37.24
-38.22
-37.24
38.22
-38.22
-37.24
-0.98
0
38.22
-37.24
-36.26
-1.96
0.98
37.24
38.22
-37.24
-36.26
-35.28
-2.94
0.98
37.24
-36.26
-35.28
-34.3
-3.92
1.96
37.24
-34.3
-33.32
-32.34
-3.92
1.96
36.26
37.24
-32.34
-31.36
-3.92
2.94
35.28
36.26
-30.38
-29.4
-28.42
-3.92
3.92
27.44
28.42
29.4
30.38
31.36
32.34
33.32
34.3
35.28
-28.42
-27.44
-3.92
3.92
26.46
27.44
28.42
29.4
30.38
31.36
32.34
33.32
-26.46
-3.92
4.9
26.46
27.44
-26.46
-2.94
5.88
26.46
27.44
-25.48
-2.94
6.86
26.46
27.44
-25.48
-1.96
6.86
26.46
27.44
-25.48
-1.96
7.84
26.46
-26.46
-1.96
7.84
26.46
-26.46
-0.98
6.86
25.48
26.46
-26.46
-0.98
5.88
6.86
25.48
-26.46
-0.98
5.88
24.5
-25.48
-0.98
4.9
23.52
24.5
-25.48
-0.98
3.92
4.9
22.54
23.52
-25.48
-24.5
-0.98
3.92
22.54
-24.5
-23.52
-0.98
2.94
3.92
21.56
-22.54
-21.56
-1.96
-0.98
2.94
3.92
20.58
-20.58
-19.6
-18.62
-17.64
-16.66
-15.68
-14.7
-1.96
3.92
18.62
19.6
-15.68
-14.7
-13.72
-12.74
-11.76
-10.78
-2.94
3.92
16.66
17.64
-11.76
-10.78
-9.8
-8.82
-4.9
-3.92
-2.94
3.92
14.7
15.68
-9.8
-8.82
-7.84
-6.86
-5.88
-4.9
-3.92
4.9
12.74
13.72
-7.84
-6.86
4.9
5.88
6.86
9.8
10.78
11.76
-15.68
-14.7
-13.72
-12.74
5.88
6.86
7.84
8.82
9.8
-16.66
-15.68
-14.7
-13.72
-12.74
-11.76
-16.66
-15.68
-14.7
-13.72
-12.74
-11.76
-16.66
-15.68
-14.7
-13.72
-12.74
-11.76
-16.66
-15.68
-14.7
-13.72
-12.74
-11.76
-16.66
-15.68
-14.7
-13.72
-12.74
-11.76
-16.66
-15.68
-14.7
-13.72
-12.74
-11.76
-15.68
-14.7
-13.72
-12.74
-14.7
-13.72
-17.64
-16.66
-15.68
12.74
13.72
14.7
15.68
-19.6
-18.62
-17.64
-16.66
-15.68
-14.7
10.78
11.76
12.74
13.72
14.7
15.68
16.66
17.64
-20.58
-19.6
-18.62
-17.64
-16.66
-15.68
-14.7
-13.72
9.8
10.78
16.66
17.64
18.62
-21.56
-20.58
-19.6
-18.62
-17.64
-16.66
-15.68
-14.7
-13.72
8.82
9.8
17.64
18.62
19.6
-22.54
-21.56
-20.58
-19.6
-18.62
-17.64
-16.66
-15.68
-14.7
-13.72
6.86
7.84
8.82
18.62
19.6
20.58
-24.5
-23.52
-22.54
-21.56
-20.58
-19.6
-17.64
-16.66
-15.68
-14.7
5.88
6.86
19.6
20.58
21.56
-27.44
-26.46
-25.48
-24.5
-23.52
-22.54
-21.56
-17.64
-16.66
-15.68
-14.7
4.9
5.88
20.58
21.56
22.54
23.52
-29.4
-28.42
-27.44
-26.46
-25.48
-24.5
-17.64
-16.66
-15.68
-14.7
4.9
22.54
23.52
24.5
-30.38
-29.4
-28.42
-27.44
-17.64
-16.66
-15.68
-14.7
-13.72
-12.74
-11.76
-10.78
-9.8
-8.82
-7.84
-6.86
-5.88
-4.9
3.92
24.5
25.48
-31.36
-30.38
-29.4
-17.64
-16.66
-15.68
-14.7
-3.92
-2.94
2.94
26.46
27.44
-31.36
-30.38
-18.62
-17.64
-16.66
-1.96
-0.98
1.96
27.44
28.42
-31.36
0
0.98
28.42
29.4
-31.36
29.4
30.38
-31.36
-20.58
29.4
30.38
31.36
-31.36
-30.38
-23.52
-22.54
-21.56
30.38
31.36
-31.36
-30.38
-29.4
-26.46
-25.48
-24.5
-23.52
-22.54
-21.56
29.4
30.38
31.36
-30.38
-29.4
-28.42
-27.44
-26.46
-25.48
-24.5
-23.52
-22.54
27.44
28.42
29.4
30.38
31.36
-23.52
-22.54
22.54
23.52
24.5
25.48
26.46
27.44
28.42
29.4
-23.52
22.54
23.52
24.5
25.48
-23.52
22.54
23.52
-24.5
23.52
24.5
-24.5
24.5
25.48
-25.48
26.46
27.44
28.42
-27.44
-26.46
29.4
30.38
-35.28
-34.3
-33.32
-32.34
-31.36
-30.38
-29.4
-28.42
31.36
32.34
-36.26
-35.28
-34.3
-33.32
32.34
33.32
-37.24
-36.26
-35.28
33.32
34.3
-37.24
-36.26
-35.28
0.98
34.3
35.28
-36.26
-35.28
-34.3
0
1.96
34.3
35.28
-36.26
-35.28
-34.3
-0.98
2.94
33.32
34.3
-34.3
-33.32
-32.34
-1.96
2.94
33.32
34.3
-33.32
-32.34
-31.36
-30.38
-29.4
-28.42
-25.48
-24.5
-23.52
-22.54
-21.56
-20.58
-1.96
2.94
32.34
33.32
-30.38
-29.4
-28.42
-27.44
-26.46
-25.48
-24.5
-21.56
-20.58
-2.94
2.94
32.34
33.32
-28.42
-27.44
-21.56
-2.94
1.96
21.56
22.54
23.52
24.5
33.32
-29.4
-28.42
-27.44
-26.46
-25.48
-24.5
-23.52
-22.54
-2.94
1.96
21.56
22.54
23.52
24.5
33.32
34.3
-31.36
-30.38
-29.4
-28.42
-27.44
-26.46
-25.48
-24.5
-1.96
0.98
21.56
22.54
23.52
34.3
-33.32
-32.34
-31.36
-30.38
-29.4
-1.96
0.98
21.56
22.54
35.28
-34.3
-33.32
-32.34
-0.98
0
35.28
-35.28
-34.3
-33.32
36.26
-36.26
-35.28
-34.3
36.26
-36.26
-35.28
36.26
-36.26
-35.28
36.26
-36.26
-35.28
-0.98
0
36.26
37.24
-36.26
-35.28
-1.96
0
36.26
37.24
-35.28
-34.3
-2.94
0.98
36.26
-34.3
-33.32
-3.92
1.96
36.26
-33.32
-32.34
-31.36
-3.92
1.96
35.28
36.26
-31.36
-30.38
-4.9
2.94
33.32
34.3
35.28
-30.38
-29.4
-28.42
-4.9
2.94
25.48
26.46
27.44
28.42
29.4
30.38
31.36
32.34
33.32
34.3
-27.44
-26.46
-4.9
3.92
24.5
25.48
26.46
-26.46
-25.48
-4.9
4.9
24.5
25.48
-25.48
-24.5
-4.9
-3.92
5.88
24.5
25.48
-25.48
-24.5
-3.92
6.86
24.5
25.48
-24.5
-2.94
7.84
25.48
-25.48
-2.94
7.84
25.48
-25.48
-2.94
8.82
25.48
-25.48
-1.96
8.82
24.5
25.48
-25.48
-1.96
7.84
24.5
-25.48
-1.96
7.84
23.52
24.5
-25.48
-1.96
6.86
23.52
-25.48
-1.96
5.88
6.86
22.54
-24.5
-1.96
5.88
21.56
-23.52
-1.96
4.9
5.88
21.56
-22.54
-21.56
-1.96
4.9
19.6
20.58
-20.58
-19.6
-18.62
-17.64
-16.66
-15.68
-14.7
-2.94
4.9
18.62
19.6
-13.72
-12.74
-11.76
-10.78
-3.92
-2.94
4.9
16.66
17.64
-9.8
-8.82
-7.84
-6.86
-5.88
-4.9
-3.92
4.9
5.88
14.7
15.68
-7.84
-6.86
-5.88
4.9
5.88
6.86
11.76
12.74
13.72
5.88
6.86
7.84
8.82
9.8
10.78
11.76
7.84
8.82
11.76
12.74
13.72
14.7
15.68
10.78
11.76
12.74
13.72
14.7
15.68
16.66
9.8
10.78
11.76
12.74
13.72
14.7
15.68
16.66
17.64
-18.62
7.84
8.82
9.8
10.78
11.76
12.74
13.72
14.7
15.68
16.66
17.64
18.62
-20.58
-19.6
-18.62
6.86
7.84
8.82
9.8
10.78
11.76
12.74
13.72
14.7
15.68
16.66
17.64
18.62
19.6
-23.52
-22.54
-21.56
-20.58
-19.6
-18.62
5.88
6.86
7.84
10.78
11.76
12.74
13.72
14.7
15.68
16.66
17.64
18.62
19.6
20.58
21.56
-26.46
-25.48
-24.5
-23.52
-22.54
-21.56
-20.58
-19.6
-18.62
-9.8
-8.82
-7.84
-6.86
4.9
12.74
13.72
14.7
15.68
16.66
17.64
18.62
19.6
20.58
21.56
22.54
23.52
-28.42
-27.44
-26.46
-25.48
-24.5
-23.52
-22.54
-21.56
-20.58
-19.6
-18.62
-13.72
-12.74
-11.76
-10.78
-5.88
-4.9
-3.92
3.92
12.74
13.72
14.7
15.68
16.66
17.64
18.62
19.6
20.58
21.56
22.54
23.52
24.5
25.48
-29.4
-28.42
-27.44
-26.46
-25.48
-24.5
-23.52
-22.54
-21.56
-20.58
-19.6
-15.68
-14.7
-13.72
-2.94
-1.96
2.94
13.72
14.7
15.68
16.66
17.64
18.62
19.6
20.58
21.56
22.54
23.52
24.5
25.48
26.46
-30.38
-29.4
-28.42
-27.44
-26.46
-25.48
-24.5
-23.52
-22.54
-21.56
-20.58
-19.6
-18.62
-17.64
-16.66
-15.68
-1.96
-0.98
1.96
2.94
14.7
15.68
16.66
17.64
18.62
19.6
20.58
21.56
22.54
23.52
24.5
25.48
26.46
27.44
-30.38
-29.4
-28.42
-27.44
-26.46
-25.48
-24.5
-23.52
-22.54
-21.56
-20.58
-19.6
-18.62
-17.64
-0.98
0
0.98
1.96
15.68
16.66
17.64
18.62
19.6
20.58
21.56
22.54
24.5
25.48
26.46
27.44
28.42
-30.38
-29.4
-28.42
-27.44
-26.46
-25.48
-24.5
-23.52
-22.54
-21.56
-19.6
-18.62
0
0.98
17.64
18.62
19.6
20.58
21.56
22.54
23.52
24.5
25.48
26.46
27.44
28.42
-29.4
-28.42
-27.44
-26.46
-25.48
-24.5
-20.58
-19.6
18.62
19.6
20.58
21.56
22.54
23.52
24.5
25.48
26.46
27.44
28.42
29.4
-28.42
-27.44
-20.58
19.6
20.58
21.56
22.54
23.52
24.5
25.48
26.46
27.44
28.42
-21.56
-20.58
19.6
20.58
21.56
22.54
23.52
24.5
25.48
26.46
-21.56
20.58
21.56
-22.54
20.58
21.56
-22.54
21.56
-23.52
22.54
-23.52
23.52
-24.5
24.5
25.48
-25.48
26.46
27.44
28.42
-27.44
-26.46
29.4
30.38
-32.34
-31.36
-30.38
-29.4
-28.42
-27.44
30.38
31.36
-34.3
-33.32
-32.34
-31.36
-30.38
-29.4
0.98
31.36
32.34
-34.3
-33.32
-32.34
-31.36
0
1.96
32.34
33.32
-33.32
-32.34
-31.36
-0.98
2.94
31.36
32.34
33.32
-33.32
-32.34
-31.36
-30.38
-29.4
-1.96
2.94
31.36
32.34
-31.36
-30.38
-29.4
-28.42
-27.44
-26.46
-25.48
-24.5
-23.52
-22.54
-21.56
-20.58
-19.6
-1.96
2.94
30.38
31.36
32.34
-27.44
-26.46
-19.6
-2.94
2.94
21.56
22.54
23.52
24.5
25.48
26.46
27.44
28.42
29.4
30.38
31.36
-19.6
-2.94
2.94
20.58
21.56
22.54
23.52
24.5
25.48
26.46
27.44
28.42
29.4
30.38
31.36
-20.58
-2.94
2.94
20.58
25.48
26.46
27.44
28.42
29.4
30.38
31.36
32.34
-21.56
-20.58
-2.94
1.96
19.6
20.58
25.48
26.46
27.44
31.36
32.34
-23.52
-22.54
-2.94
1.96
19.6
20.58
24.5
25.48
26.46
32.34
33.32
-28.42
-27.44
-26.46
-25.48
-24.5
-1.96
1.96
19.6
20.58
23.52
24.5
25.48
33.32
34.3
-31.36
-30.38
-29.4
-28.42
-27.44
-1.96
0.98
19.6
20.58
21.56
22.54
23.52
24.5
34.3
-32.34
-31.36
-30.38
-0.98
0
0.98
19.6
20.58
21.56
22.54
23.52
34.3
35.28
-33.32
-32.34
-31.36
-0.98
0
0.98
20.58
21.56
22.54
35.28
-34.3
-33.32
-32.34
-0.98
0
0.98
35.28
-34.3
-33.32
-32.34
-0.98
0
0.98
35.28
-34.3
-33.32
-32.34
-1.96
0.98
35.28
-34.3
-33.32
-32.34
-2.94
0.98
35.28
-33.32
-32.34
-31.36
-2.94
1.96
34.3
35.28
-32.34
-31.36
-30.38
-3.92
1.96
33.32
34.3
35.28
-30.38
-29.4
-4.9
2.94
24.5
25.48
31.36
32.34
33.32
34.3
-29.4
-28.42
-27.44
-4.9
2.94
23.52
24.5
25.48
26.46
27.44
28.42
29.4
30.38
31.36
32.34
-27.44
-26.46
-25.48
-4.9
3.92
22.54
23.52
24.5
-25.48
-24.5
-5.88
4.9
22.54
23.52
-24.5
-23.52
-5.88
4.9
23.52
-23.52
-5.88
5.88
23.52
-23.52
-4.9
6.86
23.52
-23.52
-4.9
-3.92
7.84
23.52
24.5
-24.5
-3.92
8.82
23.52
24.5
-24.5
-2.94
8.82
23.52
24.5
-24.5
-2.94
9.8
23.52
-24.5
-2.94
8.82
9.8
23.52
-24.5
-2.94
8.82
9.8
22.54
-24.5
-1.96
7.84
8.82
22.54
-24.5
-23.52
-2.94
7.84
8.82
21.56
-23.52
-22.54
-2.94
6.86
7.84
20.58
-22.54
-21.56
-20.58
-2.94
6.86
7.84
19.6
20.58
-20.58
-19.6
-18.62
-17.64
-16.66
-15.68
-3.92
-2.94
5.88
6.86
18.62
-14.7
-13.72
-12.74
-11.76
-10.78
-9.8
-4.9
-3.92
5.88
6.86
7.84
16.66
17.64
-9.8
-8.82
-7.84
-6.86
-5.88
-4.9
5.88
6.86
7.84
12.74
13.72
14.7
15.68
6.86
7.84
8.82
9.8
10.78
11.76
12.74
13.72
7.84
8.82
9.8
10.78
8.82
9.8
5.88
6.86
7.84
8.82
9.8
10.78
11.76
-10.78
-9.8
-8.82
-7.84
-6.86
-5.88
4.9
5.88
9.8
10.78
11.76
-12.74
-11.76
-4.9
-3.92
3.92
4.9
11.76
12.74
-14.7
-13.72
-2.94
3.92
12.74
13.72
-16.66
-15.68
-1.96
2.94
13.72
14.7
23.52
-17.64
-16.66
-0.98
1.96
15.68
16.66
-18.62
-17.64
-0.98
0
0.98
1.96
16.66
17.64
-19.6
-18.62
0
0.98
17.64
18.62
-19.6
18.62
-20.58
19.6
-21.56
19.6
-21.56
20.58
-22.54
21.56
-22.54
22.54
-23.52
23.52
-24.5
24.5
25.48
-25.48
-24.5
26.46
27.44
28.42
-26.46
-25.48
0
0.98
1.96
28.42
29.4
-28.42
-27.44
-26.46
0
1.96
2.94
29.4
30.38
-30.38
-29.4
-28.42
-27.44
-26.46
-0.98
2.94
29.4
30.38
31.36
-30.38
-29.4
-28.42
-27.44
-26.46
-25.48
-1.96
3.92
29.4
30.38
-28.42
-27.44
-26.46
-25.48
-24.5
-23.52
-22.54
-21.56
-20.58
-19.6
-1.96
3.92
27.44
28.42
29.4
30.38
-18.62
-2.94
3.92
21.56
22.54
23.52
24.5
25.48
26.46
27.44
28.42
29.4
-18.62
-2.94
3.92
20.58
-18.62
-2.94
3.92
19.6
-19.6
-2.94
3.92
19.6
-19.6
-2.94
2.94
18.62
28.42
29.4
30.38
-21.56
-20.58
-2.94
2.94
18.62
27.44
28.42
29.4
30.38
31.36
-23.52
-22.54
-2.94
2.94
18.62
26.46
27.44
28.42
29.4
30.38
31.36
32.34
-26.46
-25.48
-24.5
-2.94
1.96
17.64
18.62
25.48
26.46
27.44
32.34
33.32
-29.4
-28.42
-27.44
-26.46
-1.96
1.96
17.64
18.62
24.5
25.48
33.32
-30.38
-29.4
-28.42
-27.44
-1.96
1.96
18.62
19.6
23.52
24.5
25.48
33.32
34.3
-31.36
-30.38
-29.4
-28.42
-1.96
1.96
18.62
19.6
20.58
21.56
22.54
23.52
24.5
33.32
34.3
-31.36
-30.38
-29.4
-1.96
1.96
19.6
20.58
21.56
22.54
23.52
33.32
34.3
-31.36
-30.38
-29.4
-2.94
1.96
20.58
21.56
22.54
23.52
33.32
34.3
-31.36
-30.38
-29.4
-2.94
1.96
21.56
22.54
23.52
33.32
34.3
-30.38
-29.4
-28.42
-3.92
2.94
21.56
22.54
23.52
24.5
25.48
32.34
33.32
-29.4
-28.42
-27.44
-3.92
2.94
21.56
22.54
23.52
24.5
25.48
26.46
27.44
28.42
29.4
30.38
31.36
32.34
-28.42
-27.44
-26.46
-4.9
2.94
21.56
22.54
23.52
26.46
27.44
28.42
29.4
30.38
-26.46
-25.48
-24.5
-5.88
3.92
21.56
22.54
-24.5
-23.52
-5.88
4.9
21.56
-23.52
-22.54
-21.56
-5.88
4.9
21.56
-22.54
-21.56
-6.86
5.88
21.56
22.54
-22.54
-21.56
-6.86
6.86
22.54
-22.54
-21.56
-7.84
-6.86
-5.88
7.84
22.54
-22.54
-21.56
-6.86
-5.88
8.82
22.54
-23.52
-22.54
-5.88
-4.9
9.8
22.54
-23.52
-22.54
-4.9
-3.92
9.8
10.78
22.54
-23.52
-22.54
-3.92
10.78
22.54
-23.52
-22.54
-3.92
10.78
22.54
-23.52
-22.54
-3.92
-2.94
10.78
11.76
21.56
-23.52
-22.54
-3.92
-2.94
9.8
10.78
11.76
21.56
-22.54
-21.56
-3.92
9.8
10.78
11.76
20.58
-21.56
-20.58
-19.6
-3.92
8.82
9.8
10.78
11.76
19.6
-19.6
-18.62
-17.64
-16.66
-15.68
-14.7
-4.9
-3.92
8.82
9.8
10.78
11.76
12.74
17.64
18.62
-15.68
-14.7
-13.72
-12.74
-11.76
-10.78
-9.8
-8.82
-7.84
-6.86
-5.88
-4.9
7.84
8.82
9.8
10.78
11.76
12.74
13.72
14.7
15.68
16.66
17.64
-8.82
-7.84
-6.86
-5.88
8.82
9.8
10.78
11.76
12.74
13.72
14.7
15.68
8.82
9.8
10.78
11.76
6.86
7.84
8.82
-10.78
-9.8
-8.82
-7.84
-6.86
-5.88
5.88
6.86
7.84
8.82
9.8
10.78
-12.74
-11.76
-10.78
-9.8
-8.82
-7.84
-6.86
-5.88
-4.9
-3.92
4.9
10.78
11.76
-14.7
-13.72
-12.74
-4.9
-3.92
-2.94
3.92
12.74
-15.68
-14.7
-2.94
-1.96
2.94
13.72
14.7
-16.66
-2.94
-1.96
2.94
15.68
-17.64
-1.96
-0.98
1.96
16.66
-18.62
-0.98
0
0.98
1.96
17.64
-19.6
-0.98
0
0.98
18.62
-20.58
0
0.98
19.6
-20.58
19.6
-21.56
20.58
-22.54
21.56
-22.54
0.98
22.54
-23.52
-22.54
0
0.98
1.96
23.52
24.5
-23.52
0
0.98
1.96
24.5
25.48
-24.5
-23.52
-0.98
2.94
25.48
26.46
27.44
-25.48
-24.5
-23.52
-0.98
3.92
26.46
27.44
28.42
-25.48
-24.5
-23.52
-22.54
-21.56
-20.58
-19.6
-18.62
-1.96
3.92
26.46
27.44
28.42
-24.5
-23.52
-22.54
-21.56
-20.58
-19.6
-18.62
-1.96
3.92
25.48
26.46
27.44
28.42
-18.62
-17.64
-2.94
4.9
21.56
22.54
23.52
24.5
25.48
26.46
-17.64
-2.94
4.9
20.58
-17.64
-2.94
4.9
19.6
-17.64
-3.92
4.9
18.62
-18.62
-3.92
3.92
18.62
-19.6
-3.92
3.92
17.64
-20.58
-19.6
-2.94
3.92
17.64
-21.56
-20.58
-2.94
3.92
16.66
17.64
-23.52
-22.54
-2.94
2.94
3.92
16.66
28.42
29.4
30.38
31.36
-25.48
-24.5
-23.52
-2.94
2.94
16.66
26.46
27.44
28.42
29.4
30.38
31.36
32.34
-26.46
-25.48
-24.5
-2.94
2.94
16.66
17.64
26.46
27.44
28.42
29.4
30.38
31.36
32.34
-27.44
-26.46
-25.48
-2.94
2.94
17.64
25.48
26.46
27.44
28.42
30.38
31.36
32.34
-28.42
-27.44
-26.46
-2.94
2.94
18.62
24.5
25.48
26.46
27.44
30.38
31.36
32.34
-28.42
-27.44
-26.46
-2.94
2.94
18.62
19.6
24.5
25.48
26.46
27.44
28.42
29.4
30.38
31.36
32.34
-28.42
-27.44
-26.46
-3.92
2.94
19.6
20.58
24.5
25.48
26.46
27.44
28.42
29.4
30.38
31.36
32.34
-27.44
-26.46
-25.48
-3.92
2.94
19.6
20.58
26.46
27.44
28.42
29.4
30.38
31.36
-26.46
-25.48
-24.5
-4.9
3.92
20.58
-25.48
-24.5
-23.52
-5.88
3.92
20.58
-23.52
-22.54
-21.56
-5.88
4.9
20.58
-22.54
-21.56
-20.58
-19.6
-6.86
4.9
20.58
-20.58
-19.6
-18.62
-7.84
-6.86
5.88
20.58
-20.58
-19.6
-18.62
-17.64
-16.66
-8.82
-7.84
6.86
20.58
-20.58
-19.6
-18.62
-17.64
-16.66
-15.68
-10.78
-9.8
-8.82
-7.84
7.84
20.58
21.56
-20.58
-19.6
-18.62
-17.64
-16.66
-15.68
-14.7
-13.72
-12.74
-11.76
-10.78
-9.8
-8.82
8.82
21.56
-20.58
-19.6
-18.62
-17.64
-16.66
-15.68
-14.7
-13.72
-12.74
-11.76
-10.78
-9.8
-8.82
-7.84
9.8
21.56
-21.56
-20.58
-19.6
-18.62
-17.64
-16.66
-15.68
-14.7
-13.72
-12.74
-11.76
-10.78
-9.8
-8.82
-7.84
-6.86
10.78
21.56
-21.56
-20.58
-19.6
-18.62
-17.64
-16.66
-15.68
-14.7
-13.72
-12.74
-11.76
-10.78
-9.8
-8.82
-7.84
-6.86
-5.88
11.76
21.56
-21.56
-20.58
-19.6
-18.62
-17.64
-16.66
-15.68
-14.7
-13.72
-12.74
-11.76
-10.78
-9.8
-8.82
-7.84
-6.86
-5.88
-4.9
11.76
12.74
21.56
-21.56
-20.58
-19.6
-18.62
-17.64
-16.66
-15.68
-14.7
-13.72
-12.74
-11.76
-6.86
-5.88
-4.9
11.76
12.74
20.58
21.56
-21.56
-20.58
-19.6
-18.62
-17.64
-16.66
-15.68
-14.7
-13.72
-12.74
-5.88
-4.9
12.74
13.72
19.6
20.58
-21.56
-20.58
-19.6
-18.62
-17.64
-16.66
-15.68
-14.7
-13.72
-5.88
-4.9
12.74
13.72
14.7
18.62
19.6
20.58
-20.58
-19.6
-18.62
-17.64
-16.66
-15.68
-14.7
-13.72
-12.74
-11.76
-6.86
-5.88
-4.9
12.74
13.72
14.7
15.68
16.66
17.64
18.62
19.6
-18.62
-17.64
-16.66
-15.68
-14.7
-13.72
-12.74
-11.76
-10.78
-9.8
-8.82
-7.84
-6.86
-5.88
-4.9
12.74
13.72
14.7
15.68
16.66
17.64
18.62
-13.72
-12.74
-11.76
-10.78
-9.8
-8.82
-7.84
-6.86
-5.88
13.72
14.7
15.68
16.66
5.88
6.86
7.84
8.82
9.8
-11.76
-10.78
-9.8
-8.82
-7.84
-6.86
-5.88
4.9
10.78
11.76
-13.72
-12.74
-11.76
-10.78
-9.8
-8.82
-7.84
-6.86
-5.88
-4.9
-3.92
3.92
12.74
13.72
-15.68
-14.7
-13.72
-12.74
-11.76
-10.78
-9.8
-8.82
-7.84
-6.86
-5.88
-4.9
-3.92
3.92
14.7
-16.66
-15.68
-14.7
-13.72
-12.74
-11.76
-10.78
-9.8
-8.82
-7.84
-5.88
-4.9
-3.92
-2.94
2.94
15.68
-17.64
-16.66
-15.68
-10.78
-3.92
-2.94
-1.96
2.94
16.66
-18.62
-17.64
-2.94
-1.96
1.96
17.64
-19.6
-18.62
-1.96
-0.98
1.96
18.62
-19.6
-1.96
-0.98
0
0.98
1.96
19.6
-20.58
-19.6
-1.96
-0.98
0
0.98
1.96
19.6
-21.56
-20.58
-0.98
0
0.98
1.96
20.58
-21.56
-20.58
-0.98
0
1.96
2.94
21.56
-21.56
-20.58
-0.98
2.94
22.54
-22.54
-21.56
-20.58
-1.96
-0.98
2.94
3.92
23.52
-22.54
-21.56
-20.58
-19.6
-18.62
-17.64
-1.96
3.92
23.52
24.5
-22.54
-21.56
-20.58
-19.6
-18.62
-17.64
-1.96
3.92
24.5
25.48
-17.64
-2.94
4.9
23.52
24.5
25.48
-17.64
-2.94
4.9
21.56
22.54
23.52
24.5
-16.66
-2.94
4.9
19.6
20.58
21.56
-16.66
-3.92
4.9
18.62
19.6
-17.64
-3.92
4.9
18.62
-17.64
-3.92
4.9
17.64
-17.64
-3.92
4.9
17.64
-18.62
-3.92
4.9
16.66
-18.62
-3.92
4.9
16.66
-19.6
-3.92
4.9
15.68
-21.56
-20.58
-3.92
4.9
15.68
-22.54
-21.56
-3.92
3.92
4.9
15.68
-23.52
-22.54
-3.92
3.92
4.9
15.68
-24.5
-23.52
-3.92
3.92
4.9
16.66
29.4
-25.48
-24.5
-23.52
-3.92
3.92
4.9
17.64
28.42
29.4
-25.48
-24.5
-23.52
-3.92
3.92
17.64
-25.48
-24.5
-23.52
-4.9
3.92
18.62
-24.5
-23.52
-22.54
-4.9
3.92
18.62
-23.52
-22.54
-21.56
-5.88
4.9
19.6
-22.54
-21.56
-20.58
-19.6
-5.88
4.9
19.6
-20.58
-19.6
-18.62
-17.64
-6.86
4.9
19.6
-18.62
-17.64
-16.66
-15.68
-7.84
5.88
19.6
-17.64
-16.66
-15.68
-14.7
-13.72
-12.74
-11.76
-10.78
-9.8
-8.82
6.86
19.6
-15.68
-14.7
-13.72
-12.74
-11.76
-10.78
-9.8
7.84
19.6
-14.7
-13.72
-12.74
-11.76
8.82
19.6
9.8
19.6
20.58
10.78
11.76
19.6
20.58
11.76
12.74
19.6
20.58
12.74
13.72
18.62
19.6
20.58
13.72
14.7
15.68
17.64
18.62
19.6
20.58
-10.78
-9.8
-8.82
-7.84
13.72
14.7
15.68
16.66
17.64
18.62
19.6
-11.76
-10.78
-9.8
-8.82
-7.84
-6.86
14.7
15.68
16.66
17.64
18.62
-12.74
-11.76
-10.78
-9.8
-8.82
-7.84
-6.86
15.68
16.66
17.64
-10.78
-9.8
-8.82
-7.84
5.88
6.86
7.84
8.82
9.8
4.9
5.88
10.78
11.76
4.9
12.74
13.72
-6.86
3.92
14.7
-14.7
-13.72
-12.74
-11.76
-9.8
-8.82
-7.84
-6.86
-5.88
-4.9
3.92
15.68
-16.66
-15.68
-14.7
-13.72
-12.74
-11.76
-10.78
-9.8
-8.82
-7.84
-6.86
-5.88
-4.9
-3.92
2.94
16.66
-17.64
-16.66
-15.68
-14.7
-13.72
-12.74
-11.76
-10.78
-9.8
-8.82
-7.84
-6.86
-5.88
-4.9
-3.92
-2.94
2.94
17.64
-18.62
-17.64
-16.66
-15.68
-14.7
-13.72
-12.74
-11.76
-10.78
-9.8
-8.82
-7.84
-4.9
-3.92
-2.94
2.94
18.62
-18.62
-17.64
-16.66
-15.68
-14.7
-13.72
-12.74
-11.76
-10.78
-3.92
-2.94
2.94
19.6
-19.6
-18.62
-17.64
-16.66
-15.68
-14.7
-13.72
-12.74
-11.76
-2.94
-1.96
2.94
3.92
19.6
-19.6
-18.62
-17.64
-16.66
-15.68
-14.7
-13.72
-2.94
-1.96
3.92
20.58
-19.6
-18.62
-17.64
-16.66
-15.68
-14.7
-2.94
-1.96
3.92
21.56
-19.6
-18.62
-17.64
-16.66
-15.68
-14.7
-2.94
4.9
21.56
22.54
-16.66
-15.68
-2.94
4.9
21.56
22.54
-16.66
-15.68
-2.94
4.9
5.88
21.56
22.54
23.52
-16.66
-15.68
-2.94
5.88
20.58
21.56
22.54
-16.66
-15.68
-3.92
5.88
19.6
20.58
-16.66
-3.92
5.88
18.62
-16.66
-3.92
5.88
17.64
-16.66
-3.92
5.88
6.86
17.64
-16.66
-3.92
5.88
6.86
16.66
-16.66
-4.9
5.88
6.86
16.66
-17.64
-4.9
5.88
6.86
15.68
-17.64
-4.9
5.88
6.86
14.7
15.68
-18.62
-3.92
5.88
6.86
7.84
13.72
14.7
-19.6
-3.92
5.88
6.86
7.84
8.82
12.74
13.72
14.7
-20.58
-19.6
-3.92
5.88
6.86
7.84
8.82
11.76
12.74
13.72
14.7
-21.56
-20.58
-3.92
5.88
6.86
7.84
8.82
12.74
13.72
14.7
-22.54
-21.56
-20.58
-4.9
5.88
6.86
7.84
14.7
15.68
-22.54
-21.56
-4.9
5.88
6.86
15.68
16.66
-22.54
-21.56
-4.9
4.9
5.88
16.66
-22.54
-21.56
-20.58
-5.88
-4.9
4.9
5.88
17.64
-21.56
-20.58
-19.6
-5.88
4.9
5.88
17.64
-20.58
-19.6
-18.62
-17.64
-6.86
5.88
18.62
-18.62
-17.64
-16.66
-15.68
-7.84
-6.86
5.88
18.62
-16.66
-15.68
-14.7
-13.72
-12.74
-9.8
-8.82
-7.84
5.88
6.86
18.62
-14.7
-13.72
-12.74
-11.76
-10.78
-9.8
-8.82
6.86
18.62
7.84
18.62
8.82
18.62
9.8
10.78
17.64
18.62
10.78
11.76
12.74
17.64
18.62
12.74
13.72
14.7
15.68
16.66
17.64
18.62
13.72
14.7
15.68
16.66
17.64
18.62
14.7
15.68
16.66
17.64
16.66
6.86
7.84
8.82
9.8
5.88
6.86
7.84
8.82
9.8
10.78
11.76
4.9
5.88
6.86
11.76
12.74
13.72
4.9
5.88
13.72
14.7
3.92
4.9
15.68
3.92
4.9
16.66
-6.86
-5.88
3.92
4.9
17.64
-9.8
-8.82
-7.84
-6.86
-5.88
-4.9
3.92
4.9
17.64
18.62
-10.78
-9.8
-8.82
-7.84
-6.86
-5.88
-4.9
-3.92
4.9
5.88
18.62
-12.74
-11.76
-10.78
-9.8
-5.88
-4.9
-3.92
4.9
5.88
18.62
19.6
-13.72
-12.74
-11.76
-4.9
-3.92
4.9
5.88
19.6
20.58
-13.72
-12.74
-3.92
5.88
6.86
19.6
20.58
-14.7
-13.72
-3.92
5.88
6.86
19.6
20.58
-14.7
-3.92
6.86
18.62
19.6
20.58
-14.7
-3.92
6.86
7.84
17.64
18.62
19.6
-14.7
-3.92
6.86
7.84
16.66
17.64
18.62
-15.68
-4.9
6.86
7.84
16.66
17.64
-15.68
-4.9
6.86
7.84
16.66
-15.68
-4.9
7.84
15.68
16.66
-15.68
-4.9
7.84
15.68
-15.68
-4.9
7.84
8.82
14.7
15.68
-16.66
-4.9
7.84
8.82
9.8
13.72
14.7
-16.66
-4.9
7.84
8.82
9.8
10.78
11.76
12.74
13.72
-17.64
-16.66
-4.9
8.82
9.8
10.78
11.76
12.74
-18.62
-17.64
-4.9
9.8
10.78
11.76
-18.62
-17.64
-4.9
9.8
10.78
-19.6
-18.62
-5.88
-4.9
9.8
10.78
11.76
-19.6
-18.62
-5.88
8.82
9.8
10.78
11.76
12.74
13.72
-20.58
-19.6
-18.62
-5.88
7.84
8.82
9.8
10.78
12.74
13.72
14.7
-20.58
-19.6
-18.62
-6.86
-5.88
6.86
7.84
8.82
14.7
15.68
-19.6
-18.62
-17.64
-16.66
-6.86
6.86
7.84
15.68
16.66
-18.62
-17.64
-16.66
-15.68
-7.84
-6.86
6.86
7.84
16.66
-16.66
-15.68
-14.7
-13.72
-12.74
-9.8
-8.82
-7.84
6.86
7.84
16.66
17.64
-14.7
-13.72
-12.74
-11.76
-10.78
-9.8
-8.82
6.86
7.84
16.66
17.64
-11.76
-10.78
7.84
16.66
17.64
7.84
8.82
16.66
17.64
8.82
9.8
16.66
17.64
9.8
10.78
11.76
15.68
16.66
17.64
11.76
12.74
13.72
14.7
15.68
16.66
13.72
14.7
15.68
16.66
7.84
8.82
9.8
10.78
6.86
7.84
8.82
9.8
10.78
11.76
12.74
5.88
6.86
7.84
8.82
9.8
10.78
11.76
12.74
13.72
14.7
5.88
6.86
7.84
8.82
9.8
10.78
11.76
12.74
13.72
14.7
15.68
5.88
6.86
7.84
8.82
9.8
10.78
12.74
13.72
14.7
15.68
16.66
5.88
6.86
7.84
8.82
9.8
10.78
13.72
14.7
15.68
16.66
6.86
7.84
8.82
9.8
10.78
11.76
12.74
13.72
14.7
15.68
16.66
17.64
-8.82
-7.84
-6.86
6.86
7.84
8.82
9.8
10.78
11.76
12.74
13.72
14.7
15.68
16.66
17.64
-10.78
-9.8
-8.82
-7.84
-6.86
-5.88
6.86
7.84
8.82
9.8
10.78
11.76
12.74
13.72
14.7
15.68
16.66
17.64
18.62
-11.76
-10.78
-9.8
-8.82
-7.84
-6.86
-5.88
-4.9
7.84
8.82
9.8
10.78
11.76
12.74
13.72
14.7
15.68
16.66
17.64
18.62
-12.74
-11.76
-10.78
-6.86
-5.88
-4.9
7.84
8.82
9.8
10.78
11.76
12.74
13.72
14.7
15.68
16.66
17.64
18.62
-13.72
-12.74
-5.88
-4.9
7.84
8.82
9.8
10.78
11.76
12.74
13.72
14.7
15.68
16.66
17.64
-13.72
-12.74
-5.88
-4.9
8.82
9.8
10.78
12.74
13.72
14.7
15.68
16.66
-13.72
-5.88
-4.9
8.82
9.8
13.72
14.7
15.68
-14.7
-13.72
-5.88
8.82
9.8
13.72
14.7
15.68
-14.7
-13.72
-5.88
8.82
9.8
13.72
14.7
15.68
-14.7
-5.88
8.82
9.8
10.78
12.74
13.72
14.7
-14.7
-5.88
8.82
9.8
10.78
11.76
12.74
13.72
14.7
-14.7
-5.88
9.8
10.78
11.76
12.74
13.72
-15.68
-14.7
-6.86
-5.88
10.78
11.76
12.74
-15.68
-14.7
-6.86
-5.88
-15.68
-14.7
-6.86
-5.88
-16.66
-15.68
-14.7
-6.86
-5.88
-16.66
-15.68
-6.86
-5.88
-17.64
-16.66
-15.68
-7.84
-6.86
-17.64
-16.66
-15.68
-14.7
-7.84
-6.86
-17.64
-16.66
-15.68
-14.7
-8.82
-7.84
-6.86
11.76
-17.64
-16.66
-15.68
-14.7
-13.72
-12.74
-11.76
-10.78
-9.8
-8.82
-7.84
9.8
10.78
11.76
12.74
13.72
-15.68
-14.7
-13.72
-12.74
-11.76
-10.78
-9.8
-8.82
-7.84
8.82
9.8
10.78
11.76
12.74
13.72
14.7
-14.7
-13.72
-12.74
-11.76
-10.78
-9.8
-8.82
8.82
9.8
14.7
15.68
-11.76
-10.78
8.82
9.8
14.7
15.68
8.82
9.8
15.68
8.82
9.8
10.78
14.7
15.68
9.8
10.78
11.76
12.74
13.72
14.7
15.68
10.78
11.76
12.74
13.72
14.7
15.68
12.74
13.72
14.7
11.76
11.76
12.74
-9.8
-8.82
-7.84
-11.76
-10.78
-9.8
-8.82
-7.84
-6.86
-11.76
-10.78
-9.8
-8.82
-7.84
-6.86
11.76
-12.74
-11.76
-10.78
-9.8
-8.82
-7.84
-6.86
10.78
11.76
12.74
-12.74
-11.76
-10.78
-9.8
-8.82
-7.84
-6.86
10.78
11.76
12.74
-12.74
-11.76
-10.78
-8.82
-7.84
-6.86
10.78
11.76
12.74
-13.72
-12.74
-11.76
-8.82
-7.84
-6.86
11.76
-13.72
-12.74
-11.76
-10.78
-8.82
-7.84
-6.86
-13.72
-12.74
-11.76
-10.78
-9.8
-8.82
-7.84
-6.86
-13.72
-12.74
-11.76
-10.78
-9.8
-8.82
-7.84
-13.72
-12.74
-11.76
-10.78
-9.8
-8.82
-7.84
-13.72
-12.74
-11.76
-10.78
-9.8
-8.82
-7.84
-13.72
-12.74
-11.76
-10.78
-9.8
-8.82
-7.84
-14.7
-13.72
-12.74
-11.76
-10.78
-9.8
-8.82
-7.84
-14.7
-13.72
-12.74
-11.76
-10.78
-9.8
-8.82
-13.72
-12.74
-11.76
-10.78
-9.8
-8.82
-13.72
-12.74
-11.76
-10.78
-9.8
10.78
11.76
12.74
13.72
10.78
11.76
12.74
13.72
10.78
11.76
12.74
13.72
14.7
11.76
12.74
13.72
-9.8
-10.78
-9.8
-9.8
